STEP 0:
IP= 0, IS= 9, R0= 0, R1= 0
address: |  0 |  1 |  2 |  3 |  4 |  5 |  6 |  7 |  8 |  9 | 10 | 11 | 12 | 13 | 14 | 15 |
  value: |  9 | 15 | 11 |  5 |  8 |  0 |  0 |  0 |  0 |  0 |  0 |  0 |  0 |  0 |  0 |  6 |
----------
STEP 1:
IP= 2, IS=11, R0= 6, R1= 0
address: |  0 |  1 |  2 |  3 |  4 |  5 |  6 |  7 |  8 |  9 | 10 | 11 | 12 | 13 | 14 | 15 |
  value: |  9 | 15 | 11 |  5 |  8 |  0 |  0 |  0 |  0 |  0 |  0 |  0 |  0 |  0 |  0 |  6 |
----------
STEP 2:
IP= 4, IS= 8, R0= 6, R1= 0
address: |  0 |  1 |  2 |  3 |  4 |  5 |  6 |  7 |  8 |  9 | 10 | 11 | 12 | 13 | 14 | 15 |
  value: |  9 | 15 | 11 |  5 |  8 |  6 |  0 |  0 |  0 |  0 |  0 |  0 |  0 |  0 |  0 |  6 |
----------
6
STEP 3:
IP= 6, IS= 0, R0= 6, R1= 0
address: |  0 |  1 |  2 |  3 |  4 |  5 |  6 |  7 |  8 |  9 | 10 | 11 | 12 | 13 | 14 | 15 |
  value: |  9 | 15 | 11 |  5 |  8 |  6 |  0 |  0 |  0 |  0 |  0 |  0 |  0 |  0 |  0 |  6 |
----------
