STEP 0:
IP= 0, IS=14, R0= 0, R1= 0
address: |  0 |  1 |  2 |  3 |  4 |  5 |  6 |  7 |  8 |  9 | 10 | 11 | 12 | 13 | 14 | 15 |
  value: | 14 |  6 |  8 |  7 | 13 |  8 |  8 |  6 |  0 |  0 |  0 |  0 |  0 |  0 |  0 |  0 |
----------
STEP 1:
IP= 6, IS= 8, R0= 0, R1= 0
address: |  0 |  1 |  2 |  3 |  4 |  5 |  6 |  7 |  8 |  9 | 10 | 11 | 12 | 13 | 14 | 15 |
  value: | 14 |  6 |  8 |  7 | 13 |  8 |  8 |  6 |  0 |  0 |  0 |  0 |  0 |  0 |  0 |  0 |
----------
6
STEP 2:
IP= 8, IS= 0, R0= 0, R1= 0
address: |  0 |  1 |  2 |  3 |  4 |  5 |  6 |  7 |  8 |  9 | 10 | 11 | 12 | 13 | 14 | 15 |
  value: | 14 |  6 |  8 |  7 | 13 |  8 |  8 |  6 |  0 |  0 |  0 |  0 |  0 |  0 |  0 |  0 |
----------