STEP 0:
IP= 0, IS=10, R0= 0, R1= 0
address: |  0 |  1 |  2 |  3 |  4 |  5 |  6 |  7 |  8 |  9 | 10 | 11 | 12 | 13 | 14 | 15 |
  value: | 10 | 13 |  9 | 14 |  1 | 11 | 13 |  9 | 15 |  5 | 11 | 15 |  8 |  0 |  3 |  4 |
----------
STEP 1:
IP= 2, IS= 9, R0= 0, R1= 0
address: |  0 |  1 |  2 |  3 |  4 |  5 |  6 |  7 |  8 |  9 | 10 | 11 | 12 | 13 | 14 | 15 |
  value: | 10 | 13 |  9 | 14 |  1 | 11 | 13 |  9 | 15 |  5 | 11 | 15 |  8 |  0 |  3 |  4 |
----------
STEP 2:
IP= 4, IS= 1, R0= 3, R1= 0
address: |  0 |  1 |  2 |  3 |  4 |  5 |  6 |  7 |  8 |  9 | 10 | 11 | 12 | 13 | 14 | 15 |
  value: | 10 | 13 |  9 | 14 |  1 | 11 | 13 |  9 | 15 |  5 | 11 | 15 |  8 |  0 |  3 |  4 |
----------
STEP 3:
IP= 5, IS=11, R0= 3, R1= 0
address: |  0 |  1 |  2 |  3 |  4 |  5 |  6 |  7 |  8 |  9 | 10 | 11 | 12 | 13 | 14 | 15 |
  value: | 10 | 13 |  9 | 14 |  1 | 11 | 13 |  9 | 15 |  5 | 11 | 15 |  8 |  0 |  3 |  4 |
----------
STEP 4:
IP= 7, IS= 9, R0= 3, R1= 0
address: |  0 |  1 |  2 |  3 |  4 |  5 |  6 |  7 |  8 |  9 | 10 | 11 | 12 | 13 | 14 | 15 |
  value: | 10 | 13 |  9 | 14 |  1 | 11 | 13 |  9 | 15 |  5 | 11 | 15 |  8 |  3 |  3 |  4 |
----------
STEP 5:
IP= 9, IS= 5, R0= 4, R1= 0
address: |  0 |  1 |  2 |  3 |  4 |  5 |  6 |  7 |  8 |  9 | 10 | 11 | 12 | 13 | 14 | 15 |
  value: | 10 | 13 |  9 | 14 |  1 | 11 | 13 |  9 | 15 |  5 | 11 | 15 |  8 |  3 |  3 |  4 |
----------
STEP 6:
IP=10, IS=11, R0= 3, R1= 0
address: |  0 |  1 |  2 |  3 |  4 |  5 |  6 |  7 |  8 |  9 | 10 | 11 | 12 | 13 | 14 | 15 |
  value: | 10 | 13 |  9 | 14 |  1 | 11 | 13 |  9 | 15 |  5 | 11 | 15 |  8 |  3 |  3 |  4 |
----------
STEP 7:
IP=12, IS= 8, R0= 3, R1= 0
address: |  0 |  1 |  2 |  3 |  4 |  5 |  6 |  7 |  8 |  9 | 10 | 11 | 12 | 13 | 14 | 15 |
  value: | 10 | 13 |  9 | 14 |  1 | 11 | 13 |  9 | 15 |  5 | 11 | 15 |  8 |  3 |  3 |  3 |
----------
3
STEP 8:
IP=14, IS= 3, R0= 3, R1= 0
address: |  0 |  1 |  2 |  3 |  4 |  5 |  6 |  7 |  8 |  9 | 10 | 11 | 12 | 13 | 14 | 15 |
  value: | 10 | 13 |  9 | 14 |  1 | 11 | 13 |  9 | 15 |  5 | 11 | 15 |  8 |  3 |  3 |  3 |
----------
STEP 9:
IP=15, IS= 3, R0= 4, R1= 0
address: |  0 |  1 |  2 |  3 |  4 |  5 |  6 |  7 |  8 |  9 | 10 | 11 | 12 | 13 | 14 | 15 |
  value: | 10 | 13 |  9 | 14 |  1 | 11 | 13 |  9 | 15 |  5 | 11 | 15 |  8 |  3 |  3 |  3 |
----------
STEP 10:
IP= 0, IS=10, R0= 5, R1= 0
address: |  0 |  1 |  2 |  3 |  4 |  5 |  6 |  7 |  8 |  9 | 10 | 11 | 12 | 13 | 14 | 15 |
  value: | 10 | 13 |  9 | 14 |  1 | 11 | 13 |  9 | 15 |  5 | 11 | 15 |  8 |  3 |  3 |  3 |
----------
STEP 11:
IP= 2, IS= 9, R0= 5, R1= 3
address: |  0 |  1 |  2 |  3 |  4 |  5 |  6 |  7 |  8 |  9 | 10 | 11 | 12 | 13 | 14 | 15 |
  value: | 10 | 13 |  9 | 14 |  1 | 11 | 13 |  9 | 15 |  5 | 11 | 15 |  8 |  3 |  3 |  3 |
----------
STEP 12:
IP= 4, IS= 1, R0= 3, R1= 3
address: |  0 |  1 |  2 |  3 |  4 |  5 |  6 |  7 |  8 |  9 | 10 | 11 | 12 | 13 | 14 | 15 |
  value: | 10 | 13 |  9 | 14 |  1 | 11 | 13 |  9 | 15 |  5 | 11 | 15 |  8 |  3 |  3 |  3 |
----------
STEP 13:
IP= 5, IS=11, R0= 6, R1= 3
address: |  0 |  1 |  2 |  3 |  4 |  5 |  6 |  7 |  8 |  9 | 10 | 11 | 12 | 13 | 14 | 15 |
  value: | 10 | 13 |  9 | 14 |  1 | 11 | 13 |  9 | 15 |  5 | 11 | 15 |  8 |  3 |  3 |  3 |
----------
STEP 14:
IP= 7, IS= 9, R0= 6, R1= 3
address: |  0 |  1 |  2 |  3 |  4 |  5 |  6 |  7 |  8 |  9 | 10 | 11 | 12 | 13 | 14 | 15 |
  value: | 10 | 13 |  9 | 14 |  1 | 11 | 13 |  9 | 15 |  5 | 11 | 15 |  8 |  6 |  3 |  3 |
----------
STEP 15:
IP= 9, IS= 5, R0= 3, R1= 3
address: |  0 |  1 |  2 |  3 |  4 |  5 |  6 |  7 |  8 |  9 | 10 | 11 | 12 | 13 | 14 | 15 |
  value: | 10 | 13 |  9 | 14 |  1 | 11 | 13 |  9 | 15 |  5 | 11 | 15 |  8 |  6 |  3 |  3 |
----------
STEP 16:
IP=10, IS=11, R0= 2, R1= 3
address: |  0 |  1 |  2 |  3 |  4 |  5 |  6 |  7 |  8 |  9 | 10 | 11 | 12 | 13 | 14 | 15 |
  value: | 10 | 13 |  9 | 14 |  1 | 11 | 13 |  9 | 15 |  5 | 11 | 15 |  8 |  6 |  3 |  3 |
----------
STEP 17:
IP=12, IS= 8, R0= 2, R1= 3
address: |  0 |  1 |  2 |  3 |  4 |  5 |  6 |  7 |  8 |  9 | 10 | 11 | 12 | 13 | 14 | 15 |
  value: | 10 | 13 |  9 | 14 |  1 | 11 | 13 |  9 | 15 |  5 | 11 | 15 |  8 |  6 |  3 |  2 |
----------
6
STEP 18:
IP=14, IS= 3, R0= 2, R1= 3
address: |  0 |  1 |  2 |  3 |  4 |  5 |  6 |  7 |  8 |  9 | 10 | 11 | 12 | 13 | 14 | 15 |
  value: | 10 | 13 |  9 | 14 |  1 | 11 | 13 |  9 | 15 |  5 | 11 | 15 |  8 |  6 |  3 |  2 |
----------
STEP 19:
IP=15, IS= 2, R0= 3, R1= 3
address: |  0 |  1 |  2 |  3 |  4 |  5 |  6 |  7 |  8 |  9 | 10 | 11 | 12 | 13 | 14 | 15 |
  value: | 10 | 13 |  9 | 14 |  1 | 11 | 13 |  9 | 15 |  5 | 11 | 15 |  8 |  6 |  3 |  2 |
----------
STEP 20:
IP= 0, IS=10, R0= 0, R1= 3
address: |  0 |  1 |  2 |  3 |  4 |  5 |  6 |  7 |  8 |  9 | 10 | 11 | 12 | 13 | 14 | 15 |
  value: | 10 | 13 |  9 | 14 |  1 | 11 | 13 |  9 | 15 |  5 | 11 | 15 |  8 |  6 |  3 |  2 |
----------
STEP 21:
IP= 2, IS= 9, R0= 0, R1= 6
address: |  0 |  1 |  2 |  3 |  4 |  5 |  6 |  7 |  8 |  9 | 10 | 11 | 12 | 13 | 14 | 15 |
  value: | 10 | 13 |  9 | 14 |  1 | 11 | 13 |  9 | 15 |  5 | 11 | 15 |  8 |  6 |  3 |  2 |
----------
STEP 22:
IP= 4, IS= 1, R0= 3, R1= 6
address: |  0 |  1 |  2 |  3 |  4 |  5 |  6 |  7 |  8 |  9 | 10 | 11 | 12 | 13 | 14 | 15 |
  value: | 10 | 13 |  9 | 14 |  1 | 11 | 13 |  9 | 15 |  5 | 11 | 15 |  8 |  6 |  3 |  2 |
----------
STEP 23:
IP= 5, IS=11, R0= 9, R1= 6
address: |  0 |  1 |  2 |  3 |  4 |  5 |  6 |  7 |  8 |  9 | 10 | 11 | 12 | 13 | 14 | 15 |
  value: | 10 | 13 |  9 | 14 |  1 | 11 | 13 |  9 | 15 |  5 | 11 | 15 |  8 |  6 |  3 |  2 |
----------
STEP 24:
IP= 7, IS= 9, R0= 9, R1= 6
address: |  0 |  1 |  2 |  3 |  4 |  5 |  6 |  7 |  8 |  9 | 10 | 11 | 12 | 13 | 14 | 15 |
  value: | 10 | 13 |  9 | 14 |  1 | 11 | 13 |  9 | 15 |  5 | 11 | 15 |  8 |  9 |  3 |  2 |
----------
STEP 25:
IP= 9, IS= 5, R0= 2, R1= 6
address: |  0 |  1 |  2 |  3 |  4 |  5 |  6 |  7 |  8 |  9 | 10 | 11 | 12 | 13 | 14 | 15 |
  value: | 10 | 13 |  9 | 14 |  1 | 11 | 13 |  9 | 15 |  5 | 11 | 15 |  8 |  9 |  3 |  2 |
----------
STEP 26:
IP=10, IS=11, R0= 1, R1= 6
address: |  0 |  1 |  2 |  3 |  4 |  5 |  6 |  7 |  8 |  9 | 10 | 11 | 12 | 13 | 14 | 15 |
  value: | 10 | 13 |  9 | 14 |  1 | 11 | 13 |  9 | 15 |  5 | 11 | 15 |  8 |  9 |  3 |  2 |
----------
STEP 27:
IP=12, IS= 8, R0= 1, R1= 6
address: |  0 |  1 |  2 |  3 |  4 |  5 |  6 |  7 |  8 |  9 | 10 | 11 | 12 | 13 | 14 | 15 |
  value: | 10 | 13 |  9 | 14 |  1 | 11 | 13 |  9 | 15 |  5 | 11 | 15 |  8 |  9 |  3 |  1 |
----------
9
STEP 28:
IP=14, IS= 3, R0= 1, R1= 6
address: |  0 |  1 |  2 |  3 |  4 |  5 |  6 |  7 |  8 |  9 | 10 | 11 | 12 | 13 | 14 | 15 |
  value: | 10 | 13 |  9 | 14 |  1 | 11 | 13 |  9 | 15 |  5 | 11 | 15 |  8 |  9 |  3 |  1 |
----------
STEP 29:
IP=15, IS= 1, R0= 2, R1= 6
address: |  0 |  1 |  2 |  3 |  4 |  5 |  6 |  7 |  8 |  9 | 10 | 11 | 12 | 13 | 14 | 15 |
  value: | 10 | 13 |  9 | 14 |  1 | 11 | 13 |  9 | 15 |  5 | 11 | 15 |  8 |  9 |  3 |  1 |
----------
STEP 30:
IP= 0, IS=10, R0= 8, R1= 6
address: |  0 |  1 |  2 |  3 |  4 |  5 |  6 |  7 |  8 |  9 | 10 | 11 | 12 | 13 | 14 | 15 |
  value: | 10 | 13 |  9 | 14 |  1 | 11 | 13 |  9 | 15 |  5 | 11 | 15 |  8 |  9 |  3 |  1 |
----------
STEP 31:
IP= 2, IS= 9, R0= 8, R1= 9
address: |  0 |  1 |  2 |  3 |  4 |  5 |  6 |  7 |  8 |  9 | 10 | 11 | 12 | 13 | 14 | 15 |
  value: | 10 | 13 |  9 | 14 |  1 | 11 | 13 |  9 | 15 |  5 | 11 | 15 |  8 |  9 |  3 |  1 |
----------
STEP 32:
IP= 4, IS= 1, R0= 3, R1= 9
address: |  0 |  1 |  2 |  3 |  4 |  5 |  6 |  7 |  8 |  9 | 10 | 11 | 12 | 13 | 14 | 15 |
  value: | 10 | 13 |  9 | 14 |  1 | 11 | 13 |  9 | 15 |  5 | 11 | 15 |  8 |  9 |  3 |  1 |
----------
STEP 33:
IP= 5, IS=11, R0=12, R1= 9
address: |  0 |  1 |  2 |  3 |  4 |  5 |  6 |  7 |  8 |  9 | 10 | 11 | 12 | 13 | 14 | 15 |
  value: | 10 | 13 |  9 | 14 |  1 | 11 | 13 |  9 | 15 |  5 | 11 | 15 |  8 |  9 |  3 |  1 |
----------
STEP 34:
IP= 7, IS= 9, R0=12, R1= 9
address: |  0 |  1 |  2 |  3 |  4 |  5 |  6 |  7 |  8 |  9 | 10 | 11 | 12 | 13 | 14 | 15 |
  value: | 10 | 13 |  9 | 14 |  1 | 11 | 13 |  9 | 15 |  5 | 11 | 15 |  8 | 12 |  3 |  1 |
----------
STEP 35:
IP= 9, IS= 5, R0= 1, R1= 9
address: |  0 |  1 |  2 |  3 |  4 |  5 |  6 |  7 |  8 |  9 | 10 | 11 | 12 | 13 | 14 | 15 |
  value: | 10 | 13 |  9 | 14 |  1 | 11 | 13 |  9 | 15 |  5 | 11 | 15 |  8 | 12 |  3 |  1 |
----------
STEP 36:
IP=10, IS=11, R0= 0, R1= 9
address: |  0 |  1 |  2 |  3 |  4 |  5 |  6 |  7 |  8 |  9 | 10 | 11 | 12 | 13 | 14 | 15 |
  value: | 10 | 13 |  9 | 14 |  1 | 11 | 13 |  9 | 15 |  5 | 11 | 15 |  8 | 12 |  3 |  1 |
----------
STEP 37:
IP=12, IS= 8, R0= 0, R1= 9
address: |  0 |  1 |  2 |  3 |  4 |  5 |  6 |  7 |  8 |  9 | 10 | 11 | 12 | 13 | 14 | 15 |
  value: | 10 | 13 |  9 | 14 |  1 | 11 | 13 |  9 | 15 |  5 | 11 | 15 |  8 | 12 |  3 |  0 |
----------
12
STEP 38:
IP=14, IS= 3, R0= 0, R1= 9
address: |  0 |  1 |  2 |  3 |  4 |  5 |  6 |  7 |  8 |  9 | 10 | 11 | 12 | 13 | 14 | 15 |
  value: | 10 | 13 |  9 | 14 |  1 | 11 | 13 |  9 | 15 |  5 | 11 | 15 |  8 | 12 |  3 |  0 |
----------
STEP 39:
IP=15, IS= 0, R0= 1, R1= 9
address: |  0 |  1 |  2 |  3 |  4 |  5 |  6 |  7 |  8 |  9 | 10 | 11 | 12 | 13 | 14 | 15 |
  value: | 10 | 13 |  9 | 14 |  1 | 11 | 13 |  9 | 15 |  5 | 11 | 15 |  8 | 12 |  3 |  0 |
----------