STEP 0:
IP= 0, IS=10, R0= 0, R1= 0
address: |  0 |  1 |  2 |  3 |  4 |  5 |  6 |  7 |  8 |  9 | 10 | 11 | 12 | 13 | 14 | 15 |
  value: | 10 | 12 |  9 | 11 | 11 |  7 | 12 |  0 |  0 |  0 |  0 | 15 |  7 |  0 |  0 |  0 |
----------
STEP 1:
IP= 2, IS= 9, R0= 0, R1= 7
address: |  0 |  1 |  2 |  3 |  4 |  5 |  6 |  7 |  8 |  9 | 10 | 11 | 12 | 13 | 14 | 15 |
  value: | 10 | 12 |  9 | 11 | 11 |  7 | 12 |  0 |  0 |  0 |  0 | 15 |  7 |  0 |  0 |  0 |
----------
STEP 2:
IP= 4, IS=11, R0=15, R1= 7
address: |  0 |  1 |  2 |  3 |  4 |  5 |  6 |  7 |  8 |  9 | 10 | 11 | 12 | 13 | 14 | 15 |
  value: | 10 | 12 |  9 | 11 | 11 |  7 | 12 |  0 |  0 |  0 |  0 | 15 |  7 |  0 |  0 |  0 |
----------
STEP 3:
IP= 6, IS=12, R0=15, R1= 7
address: |  0 |  1 |  2 |  3 |  4 |  5 |  6 |  7 |  8 |  9 | 10 | 11 | 12 | 13 | 14 | 15 |
  value: | 10 | 12 |  9 | 11 | 11 |  7 | 12 | 15 |  0 |  0 |  0 | 15 |  7 |  0 |  0 |  0 |
----------
STEP 4:
IP= 8, IS= 0, R0=15, R1= 7
address: |  0 |  1 |  2 |  3 |  4 |  5 |  6 |  7 |  8 |  9 | 10 | 11 | 12 | 13 | 14 | 15 |
  value: | 10 | 12 |  9 | 11 | 11 |  7 | 12 | 15 |  0 |  0 |  0 | 15 |  7 |  0 |  0 |  7 |
----------
