STEP 0:
IP= 0, IS=15, R0= 0, R1= 0
address: |  0 |  1 |  2 |  3 |  4 |  5 |  6 |  7 |  8 |  9 | 10 | 11 | 12 | 13 | 14 | 15 |
  value: | 15 |  9 |  4 |  1 | 11 |  7 |  8 |  0 | 13 |  0 |  0 |  0 |  0 |  0 |  0 |  0 |
----------
STEP 1:
IP= 2, IS= 4, R0= 0, R1= 0
address: |  0 |  1 |  2 |  3 |  4 |  5 |  6 |  7 |  8 |  9 | 10 | 11 | 12 | 13 | 14 | 15 |
  value: | 15 |  9 |  4 |  1 | 11 |  7 |  8 |  0 | 13 |  0 |  0 |  0 |  0 |  0 |  0 |  0 |
----------
STEP 2:
IP= 3, IS= 1, R0= 0, R1= 1
address: |  0 |  1 |  2 |  3 |  4 |  5 |  6 |  7 |  8 |  9 | 10 | 11 | 12 | 13 | 14 | 15 |
  value: | 15 |  9 |  4 |  1 | 11 |  7 |  8 |  0 | 13 |  0 |  0 |  0 |  0 |  0 |  0 |  0 |
----------
STEP 3:
IP= 4, IS=11, R0= 1, R1= 1
address: |  0 |  1 |  2 |  3 |  4 |  5 |  6 |  7 |  8 |  9 | 10 | 11 | 12 | 13 | 14 | 15 |
  value: | 15 |  9 |  4 |  1 | 11 |  7 |  8 |  0 | 13 |  0 |  0 |  0 |  0 |  0 |  0 |  0 |
----------
STEP 4:
IP= 6, IS= 8, R0= 1, R1= 1
address: |  0 |  1 |  2 |  3 |  4 |  5 |  6 |  7 |  8 |  9 | 10 | 11 | 12 | 13 | 14 | 15 |
  value: | 15 |  9 |  4 |  1 | 11 |  7 |  8 |  1 | 13 |  0 |  0 |  0 |  0 |  0 |  0 |  0 |
----------
1
STEP 5:
IP= 8, IS=13, R0= 1, R1= 1
address: |  0 |  1 |  2 |  3 |  4 |  5 |  6 |  7 |  8 |  9 | 10 | 11 | 12 | 13 | 14 | 15 |
  value: | 15 |  9 |  4 |  1 | 11 |  7 |  8 |  1 | 13 |  0 |  0 |  0 |  0 |  0 |  0 |  0 |
----------
STEP 6:
IP= 0, IS=15, R0= 1, R1= 1
address: |  0 |  1 |  2 |  3 |  4 |  5 |  6 |  7 |  8 |  9 | 10 | 11 | 12 | 13 | 14 | 15 |
  value: | 15 |  9 |  4 |  1 | 11 |  7 |  8 |  1 | 13 |  0 |  0 |  0 |  0 |  0 |  0 |  0 |
----------
STEP 7:
IP= 9, IS= 0, R0= 1, R1= 1
address: |  0 |  1 |  2 |  3 |  4 |  5 |  6 |  7 |  8 |  9 | 10 | 11 | 12 | 13 | 14 | 15 |
  value: | 15 |  9 |  4 |  1 | 11 |  7 |  8 |  1 | 13 |  0 |  0 |  0 |  0 |  0 |  0 |  0 |
----------
