STEP 0:
IP= 0, IS= 9, R0= 0, R1= 0
address: |  0 |  1 |  2 |  3 |  4 |  5 |  6 |  7 |  8 |  9 | 10 | 11 | 12 | 13 | 14 | 15 |
  value: |  9 | 12 | 11 |  7 | 11 | 10 |  9 |  0 |  3 | 11 |  0 |  0 | 13 |  1 | 15 |  0 |
----------
STEP 1:
IP= 2, IS=11, R0=13, R1= 0
address: |  0 |  1 |  2 |  3 |  4 |  5 |  6 |  7 |  8 |  9 | 10 | 11 | 12 | 13 | 14 | 15 |
  value: |  9 | 12 | 11 |  7 | 11 | 10 |  9 |  0 |  3 | 11 |  0 |  0 | 13 |  1 | 15 |  0 |
----------
STEP 2:
IP= 4, IS=11, R0=13, R1= 0
address: |  0 |  1 |  2 |  3 |  4 |  5 |  6 |  7 |  8 |  9 | 10 | 11 | 12 | 13 | 14 | 15 |
  value: |  9 | 12 | 11 |  7 | 11 | 10 |  9 | 13 |  3 | 11 |  0 |  0 | 13 |  1 | 15 |  0 |
----------
STEP 3:
IP= 6, IS= 9, R0=13, R1= 0
address: |  0 |  1 |  2 |  3 |  4 |  5 |  6 |  7 |  8 |  9 | 10 | 11 | 12 | 13 | 14 | 15 |
  value: |  9 | 12 | 11 |  7 | 11 | 10 |  9 | 13 |  3 | 11 | 13 |  0 | 13 |  1 | 15 |  0 |
----------
STEP 4:
IP= 8, IS= 3, R0= 1, R1= 0
address: |  0 |  1 |  2 |  3 |  4 |  5 |  6 |  7 |  8 |  9 | 10 | 11 | 12 | 13 | 14 | 15 |
  value: |  9 | 12 | 11 |  7 | 11 | 10 |  9 | 13 |  3 | 11 | 13 |  0 | 13 |  1 | 15 |  0 |
----------
STEP 5:
IP= 9, IS=11, R0= 2, R1= 0
address: |  0 |  1 |  2 |  3 |  4 |  5 |  6 |  7 |  8 |  9 | 10 | 11 | 12 | 13 | 14 | 15 |
  value: |  9 | 12 | 11 |  7 | 11 | 10 |  9 | 13 |  3 | 11 | 13 |  0 | 13 |  1 | 15 |  0 |
----------
STEP 6:
IP=11, IS= 0, R0= 2, R1= 0
address: |  0 |  1 |  2 |  3 |  4 |  5 |  6 |  7 |  8 |  9 | 10 | 11 | 12 | 13 | 14 | 15 |
  value: |  9 | 12 | 11 |  7 | 11 | 10 |  9 | 13 |  3 | 11 | 13 |  0 | 13 |  2 | 15 |  0 |
----------
