STEP 0:
IP= 0, IS= 3, R0= 0, R1= 0
address: |  0 |  1 |  2 |  3 |  4 |  5 |  6 |  7 |  8 |  9 | 10 | 11 | 12 | 13 | 14 | 15 |
  value: |  3 |  3 |  3 |  3 |  5 |  5 |  5 |  5 | 14 | 13 |  7 | 13 | 15 |  8 |  0 |  0 |
----------
STEP 1:
IP= 1, IS= 3, R0= 1, R1= 0
address: |  0 |  1 |  2 |  3 |  4 |  5 |  6 |  7 |  8 |  9 | 10 | 11 | 12 | 13 | 14 | 15 |
  value: |  3 |  3 |  3 |  3 |  5 |  5 |  5 |  5 | 14 | 13 |  7 | 13 | 15 |  8 |  0 |  0 |
----------
STEP 2:
IP= 2, IS= 3, R0= 2, R1= 0
address: |  0 |  1 |  2 |  3 |  4 |  5 |  6 |  7 |  8 |  9 | 10 | 11 | 12 | 13 | 14 | 15 |
  value: |  3 |  3 |  3 |  3 |  5 |  5 |  5 |  5 | 14 | 13 |  7 | 13 | 15 |  8 |  0 |  0 |
----------
STEP 3:
IP= 3, IS= 3, R0= 3, R1= 0
address: |  0 |  1 |  2 |  3 |  4 |  5 |  6 |  7 |  8 |  9 | 10 | 11 | 12 | 13 | 14 | 15 |
  value: |  3 |  3 |  3 |  3 |  5 |  5 |  5 |  5 | 14 | 13 |  7 | 13 | 15 |  8 |  0 |  0 |
----------
STEP 4:
IP= 4, IS= 5, R0= 4, R1= 0
address: |  0 |  1 |  2 |  3 |  4 |  5 |  6 |  7 |  8 |  9 | 10 | 11 | 12 | 13 | 14 | 15 |
  value: |  3 |  3 |  3 |  3 |  5 |  5 |  5 |  5 | 14 | 13 |  7 | 13 | 15 |  8 |  0 |  0 |
----------
STEP 5:
IP= 5, IS= 5, R0= 3, R1= 0
address: |  0 |  1 |  2 |  3 |  4 |  5 |  6 |  7 |  8 |  9 | 10 | 11 | 12 | 13 | 14 | 15 |
  value: |  3 |  3 |  3 |  3 |  5 |  5 |  5 |  5 | 14 | 13 |  7 | 13 | 15 |  8 |  0 |  0 |
----------
STEP 6:
IP= 6, IS= 5, R0= 2, R1= 0
address: |  0 |  1 |  2 |  3 |  4 |  5 |  6 |  7 |  8 |  9 | 10 | 11 | 12 | 13 | 14 | 15 |
  value: |  3 |  3 |  3 |  3 |  5 |  5 |  5 |  5 | 14 | 13 |  7 | 13 | 15 |  8 |  0 |  0 |
----------
STEP 7:
IP= 7, IS= 5, R0= 1, R1= 0
address: |  0 |  1 |  2 |  3 |  4 |  5 |  6 |  7 |  8 |  9 | 10 | 11 | 12 | 13 | 14 | 15 |
  value: |  3 |  3 |  3 |  3 |  5 |  5 |  5 |  5 | 14 | 13 |  7 | 13 | 15 |  8 |  0 |  0 |
----------
STEP 8:
IP= 8, IS=14, R0= 0, R1= 0
address: |  0 |  1 |  2 |  3 |  4 |  5 |  6 |  7 |  8 |  9 | 10 | 11 | 12 | 13 | 14 | 15 |
  value: |  3 |  3 |  3 |  3 |  5 |  5 |  5 |  5 | 14 | 13 |  7 | 13 | 15 |  8 |  0 |  0 |
----------
STEP 9:
IP=13, IS= 8, R0= 0, R1= 0
address: |  0 |  1 |  2 |  3 |  4 |  5 |  6 |  7 |  8 |  9 | 10 | 11 | 12 | 13 | 14 | 15 |
  value: |  3 |  3 |  3 |  3 |  5 |  5 |  5 |  5 | 14 | 13 |  7 | 13 | 15 |  8 |  0 |  0 |
----------
0
STEP 10:
IP=15, IS= 0, R0= 0, R1= 0
address: |  0 |  1 |  2 |  3 |  4 |  5 |  6 |  7 |  8 |  9 | 10 | 11 | 12 | 13 | 14 | 15 |
  value: |  3 |  3 |  3 |  3 |  5 |  5 |  5 |  5 | 14 | 13 |  7 | 13 | 15 |  8 |  0 |  0 |
----------
