STEP 0:
IP= 0, IS= 9, R0= 0, R1= 0
address: |  0 |  1 |  2 |  3 |  4 |  5 |  6 |  7 |  8 |  9 | 10 | 11 | 12 | 13 | 14 | 15 |
  value: |  9 | 10 | 10 | 11 |  1 | 10 | 12 |  1 | 11 | 14 |  3 |  4 |  5 |  8 |  0 |  0 |
----------
STEP 1:
IP= 2, IS=10, R0= 3, R1= 0
address: |  0 |  1 |  2 |  3 |  4 |  5 |  6 |  7 |  8 |  9 | 10 | 11 | 12 | 13 | 14 | 15 |
  value: |  9 | 10 | 10 | 11 |  1 | 10 | 12 |  1 | 11 | 14 |  3 |  4 |  5 |  8 |  0 |  0 |
----------
STEP 2:
IP= 4, IS= 1, R0= 3, R1= 4
address: |  0 |  1 |  2 |  3 |  4 |  5 |  6 |  7 |  8 |  9 | 10 | 11 | 12 | 13 | 14 | 15 |
  value: |  9 | 10 | 10 | 11 |  1 | 10 | 12 |  1 | 11 | 14 |  3 |  4 |  5 |  8 |  0 |  0 |
----------
STEP 3:
IP= 5, IS=10, R0= 7, R1= 4
address: |  0 |  1 |  2 |  3 |  4 |  5 |  6 |  7 |  8 |  9 | 10 | 11 | 12 | 13 | 14 | 15 |
  value: |  9 | 10 | 10 | 11 |  1 | 10 | 12 |  1 | 11 | 14 |  3 |  4 |  5 |  8 |  0 |  0 |
----------
STEP 4:
IP= 7, IS= 1, R0= 7, R1= 5
address: |  0 |  1 |  2 |  3 |  4 |  5 |  6 |  7 |  8 |  9 | 10 | 11 | 12 | 13 | 14 | 15 |
  value: |  9 | 10 | 10 | 11 |  1 | 10 | 12 |  1 | 11 | 14 |  3 |  4 |  5 |  8 |  0 |  0 |
----------
STEP 5:
IP= 8, IS=11, R0=12, R1= 5
address: |  0 |  1 |  2 |  3 |  4 |  5 |  6 |  7 |  8 |  9 | 10 | 11 | 12 | 13 | 14 | 15 |
  value: |  9 | 10 | 10 | 11 |  1 | 10 | 12 |  1 | 11 | 14 |  3 |  4 |  5 |  8 |  0 |  0 |
----------
STEP 6:
IP=10, IS= 3, R0=12, R1= 5
address: |  0 |  1 |  2 |  3 |  4 |  5 |  6 |  7 |  8 |  9 | 10 | 11 | 12 | 13 | 14 | 15 |
  value: |  9 | 10 | 10 | 11 |  1 | 10 | 12 |  1 | 11 | 14 |  3 |  4 |  5 |  8 | 12 |  0 |
----------
STEP 7:
IP=11, IS= 4, R0=13, R1= 5
address: |  0 |  1 |  2 |  3 |  4 |  5 |  6 |  7 |  8 |  9 | 10 | 11 | 12 | 13 | 14 | 15 |
  value: |  9 | 10 | 10 | 11 |  1 | 10 | 12 |  1 | 11 | 14 |  3 |  4 |  5 |  8 | 12 |  0 |
----------
STEP 8:
IP=12, IS= 5, R0=13, R1= 6
address: |  0 |  1 |  2 |  3 |  4 |  5 |  6 |  7 |  8 |  9 | 10 | 11 | 12 | 13 | 14 | 15 |
  value: |  9 | 10 | 10 | 11 |  1 | 10 | 12 |  1 | 11 | 14 |  3 |  4 |  5 |  8 | 12 |  0 |
----------
STEP 9:
IP=13, IS= 8, R0=12, R1= 6
address: |  0 |  1 |  2 |  3 |  4 |  5 |  6 |  7 |  8 |  9 | 10 | 11 | 12 | 13 | 14 | 15 |
  value: |  9 | 10 | 10 | 11 |  1 | 10 | 12 |  1 | 11 | 14 |  3 |  4 |  5 |  8 | 12 |  0 |
----------
12
STEP 10:
IP=15, IS= 0, R0=12, R1= 6
address: |  0 |  1 |  2 |  3 |  4 |  5 |  6 |  7 |  8 |  9 | 10 | 11 | 12 | 13 | 14 | 15 |
  value: |  9 | 10 | 10 | 11 |  1 | 10 | 12 |  1 | 11 | 14 |  3 |  4 |  5 |  8 | 12 |  0 |
----------
