STEP 0:
IP= 0, IS= 8, R0= 0, R1= 0
address: |  0 |  1 |  2 |  3 |  4 |  5 |  6 |  7 |  8 |  9 | 10 | 11 | 12 | 13 | 14 | 15 |
  value: |  8 |  7 |  9 |  1 |  5 | 11 |  1 | 14 | 10 | 13 |  0 |  0 |  0 |  0 |  0 |  0 |
----------
7
STEP 1:
IP= 2, IS= 9, R0= 0, R1= 0
address: |  0 |  1 |  2 |  3 |  4 |  5 |  6 |  7 |  8 |  9 | 10 | 11 | 12 | 13 | 14 | 15 |
  value: |  8 |  7 |  9 |  1 |  5 | 11 |  1 | 14 | 10 | 13 |  0 |  0 |  0 |  0 |  0 |  0 |
----------
STEP 2:
IP= 4, IS= 5, R0= 7, R1= 0
address: |  0 |  1 |  2 |  3 |  4 |  5 |  6 |  7 |  8 |  9 | 10 | 11 | 12 | 13 | 14 | 15 |
  value: |  8 |  7 |  9 |  1 |  5 | 11 |  1 | 14 | 10 | 13 |  0 |  0 |  0 |  0 |  0 |  0 |
----------
STEP 3:
IP= 5, IS=11, R0= 6, R1= 0
address: |  0 |  1 |  2 |  3 |  4 |  5 |  6 |  7 |  8 |  9 | 10 | 11 | 12 | 13 | 14 | 15 |
  value: |  8 |  7 |  9 |  1 |  5 | 11 |  1 | 14 | 10 | 13 |  0 |  0 |  0 |  0 |  0 |  0 |
----------
STEP 4:
IP= 7, IS=14, R0= 6, R1= 0
address: |  0 |  1 |  2 |  3 |  4 |  5 |  6 |  7 |  8 |  9 | 10 | 11 | 12 | 13 | 14 | 15 |
  value: |  8 |  6 |  9 |  1 |  5 | 11 |  1 | 14 | 10 | 13 |  0 |  0 |  0 |  0 |  0 |  0 |
----------
STEP 5:
IP= 9, IS=13, R0= 6, R1= 0
address: |  0 |  1 |  2 |  3 |  4 |  5 |  6 |  7 |  8 |  9 | 10 | 11 | 12 | 13 | 14 | 15 |
  value: |  8 |  6 |  9 |  1 |  5 | 11 |  1 | 14 | 10 | 13 |  0 |  0 |  0 |  0 |  0 |  0 |
----------
STEP 6:
IP= 0, IS= 8, R0= 6, R1= 0
address: |  0 |  1 |  2 |  3 |  4 |  5 |  6 |  7 |  8 |  9 | 10 | 11 | 12 | 13 | 14 | 15 |
  value: |  8 |  6 |  9 |  1 |  5 | 11 |  1 | 14 | 10 | 13 |  0 |  0 |  0 |  0 |  0 |  0 |
----------
6
STEP 7:
IP= 2, IS= 9, R0= 6, R1= 0
address: |  0 |  1 |  2 |  3 |  4 |  5 |  6 |  7 |  8 |  9 | 10 | 11 | 12 | 13 | 14 | 15 |
  value: |  8 |  6 |  9 |  1 |  5 | 11 |  1 | 14 | 10 | 13 |  0 |  0 |  0 |  0 |  0 |  0 |
----------
STEP 8:
IP= 4, IS= 5, R0= 6, R1= 0
address: |  0 |  1 |  2 |  3 |  4 |  5 |  6 |  7 |  8 |  9 | 10 | 11 | 12 | 13 | 14 | 15 |
  value: |  8 |  6 |  9 |  1 |  5 | 11 |  1 | 14 | 10 | 13 |  0 |  0 |  0 |  0 |  0 |  0 |
----------
STEP 9:
IP= 5, IS=11, R0= 5, R1= 0
address: |  0 |  1 |  2 |  3 |  4 |  5 |  6 |  7 |  8 |  9 | 10 | 11 | 12 | 13 | 14 | 15 |
  value: |  8 |  6 |  9 |  1 |  5 | 11 |  1 | 14 | 10 | 13 |  0 |  0 |  0 |  0 |  0 |  0 |
----------
STEP 10:
IP= 7, IS=14, R0= 5, R1= 0
address: |  0 |  1 |  2 |  3 |  4 |  5 |  6 |  7 |  8 |  9 | 10 | 11 | 12 | 13 | 14 | 15 |
  value: |  8 |  5 |  9 |  1 |  5 | 11 |  1 | 14 | 10 | 13 |  0 |  0 |  0 |  0 |  0 |  0 |
----------
STEP 11:
IP= 9, IS=13, R0= 5, R1= 0
address: |  0 |  1 |  2 |  3 |  4 |  5 |  6 |  7 |  8 |  9 | 10 | 11 | 12 | 13 | 14 | 15 |
  value: |  8 |  5 |  9 |  1 |  5 | 11 |  1 | 14 | 10 | 13 |  0 |  0 |  0 |  0 |  0 |  0 |
----------
STEP 12:
IP= 0, IS= 8, R0= 5, R1= 0
address: |  0 |  1 |  2 |  3 |  4 |  5 |  6 |  7 |  8 |  9 | 10 | 11 | 12 | 13 | 14 | 15 |
  value: |  8 |  5 |  9 |  1 |  5 | 11 |  1 | 14 | 10 | 13 |  0 |  0 |  0 |  0 |  0 |  0 |
----------
5
STEP 13:
IP= 2, IS= 9, R0= 5, R1= 0
address: |  0 |  1 |  2 |  3 |  4 |  5 |  6 |  7 |  8 |  9 | 10 | 11 | 12 | 13 | 14 | 15 |
  value: |  8 |  5 |  9 |  1 |  5 | 11 |  1 | 14 | 10 | 13 |  0 |  0 |  0 |  0 |  0 |  0 |
----------
STEP 14:
IP= 4, IS= 5, R0= 5, R1= 0
address: |  0 |  1 |  2 |  3 |  4 |  5 |  6 |  7 |  8 |  9 | 10 | 11 | 12 | 13 | 14 | 15 |
  value: |  8 |  5 |  9 |  1 |  5 | 11 |  1 | 14 | 10 | 13 |  0 |  0 |  0 |  0 |  0 |  0 |
----------
STEP 15:
IP= 5, IS=11, R0= 4, R1= 0
address: |  0 |  1 |  2 |  3 |  4 |  5 |  6 |  7 |  8 |  9 | 10 | 11 | 12 | 13 | 14 | 15 |
  value: |  8 |  5 |  9 |  1 |  5 | 11 |  1 | 14 | 10 | 13 |  0 |  0 |  0 |  0 |  0 |  0 |
----------
STEP 16:
IP= 7, IS=14, R0= 4, R1= 0
address: |  0 |  1 |  2 |  3 |  4 |  5 |  6 |  7 |  8 |  9 | 10 | 11 | 12 | 13 | 14 | 15 |
  value: |  8 |  4 |  9 |  1 |  5 | 11 |  1 | 14 | 10 | 13 |  0 |  0 |  0 |  0 |  0 |  0 |
----------
STEP 17:
IP= 9, IS=13, R0= 4, R1= 0
address: |  0 |  1 |  2 |  3 |  4 |  5 |  6 |  7 |  8 |  9 | 10 | 11 | 12 | 13 | 14 | 15 |
  value: |  8 |  4 |  9 |  1 |  5 | 11 |  1 | 14 | 10 | 13 |  0 |  0 |  0 |  0 |  0 |  0 |
----------
STEP 18:
IP= 0, IS= 8, R0= 4, R1= 0
address: |  0 |  1 |  2 |  3 |  4 |  5 |  6 |  7 |  8 |  9 | 10 | 11 | 12 | 13 | 14 | 15 |
  value: |  8 |  4 |  9 |  1 |  5 | 11 |  1 | 14 | 10 | 13 |  0 |  0 |  0 |  0 |  0 |  0 |
----------
4
STEP 19:
IP= 2, IS= 9, R0= 4, R1= 0
address: |  0 |  1 |  2 |  3 |  4 |  5 |  6 |  7 |  8 |  9 | 10 | 11 | 12 | 13 | 14 | 15 |
  value: |  8 |  4 |  9 |  1 |  5 | 11 |  1 | 14 | 10 | 13 |  0 |  0 |  0 |  0 |  0 |  0 |
----------
STEP 20:
IP= 4, IS= 5, R0= 4, R1= 0
address: |  0 |  1 |  2 |  3 |  4 |  5 |  6 |  7 |  8 |  9 | 10 | 11 | 12 | 13 | 14 | 15 |
  value: |  8 |  4 |  9 |  1 |  5 | 11 |  1 | 14 | 10 | 13 |  0 |  0 |  0 |  0 |  0 |  0 |
----------
STEP 21:
IP= 5, IS=11, R0= 3, R1= 0
address: |  0 |  1 |  2 |  3 |  4 |  5 |  6 |  7 |  8 |  9 | 10 | 11 | 12 | 13 | 14 | 15 |
  value: |  8 |  4 |  9 |  1 |  5 | 11 |  1 | 14 | 10 | 13 |  0 |  0 |  0 |  0 |  0 |  0 |
----------
STEP 22:
IP= 7, IS=14, R0= 3, R1= 0
address: |  0 |  1 |  2 |  3 |  4 |  5 |  6 |  7 |  8 |  9 | 10 | 11 | 12 | 13 | 14 | 15 |
  value: |  8 |  3 |  9 |  1 |  5 | 11 |  1 | 14 | 10 | 13 |  0 |  0 |  0 |  0 |  0 |  0 |
----------
STEP 23:
IP= 9, IS=13, R0= 3, R1= 0
address: |  0 |  1 |  2 |  3 |  4 |  5 |  6 |  7 |  8 |  9 | 10 | 11 | 12 | 13 | 14 | 15 |
  value: |  8 |  3 |  9 |  1 |  5 | 11 |  1 | 14 | 10 | 13 |  0 |  0 |  0 |  0 |  0 |  0 |
----------
STEP 24:
IP= 0, IS= 8, R0= 3, R1= 0
address: |  0 |  1 |  2 |  3 |  4 |  5 |  6 |  7 |  8 |  9 | 10 | 11 | 12 | 13 | 14 | 15 |
  value: |  8 |  3 |  9 |  1 |  5 | 11 |  1 | 14 | 10 | 13 |  0 |  0 |  0 |  0 |  0 |  0 |
----------
3
STEP 25:
IP= 2, IS= 9, R0= 3, R1= 0
address: |  0 |  1 |  2 |  3 |  4 |  5 |  6 |  7 |  8 |  9 | 10 | 11 | 12 | 13 | 14 | 15 |
  value: |  8 |  3 |  9 |  1 |  5 | 11 |  1 | 14 | 10 | 13 |  0 |  0 |  0 |  0 |  0 |  0 |
----------
STEP 26:
IP= 4, IS= 5, R0= 3, R1= 0
address: |  0 |  1 |  2 |  3 |  4 |  5 |  6 |  7 |  8 |  9 | 10 | 11 | 12 | 13 | 14 | 15 |
  value: |  8 |  3 |  9 |  1 |  5 | 11 |  1 | 14 | 10 | 13 |  0 |  0 |  0 |  0 |  0 |  0 |
----------
STEP 27:
IP= 5, IS=11, R0= 2, R1= 0
address: |  0 |  1 |  2 |  3 |  4 |  5 |  6 |  7 |  8 |  9 | 10 | 11 | 12 | 13 | 14 | 15 |
  value: |  8 |  3 |  9 |  1 |  5 | 11 |  1 | 14 | 10 | 13 |  0 |  0 |  0 |  0 |  0 |  0 |
----------
STEP 28:
IP= 7, IS=14, R0= 2, R1= 0
address: |  0 |  1 |  2 |  3 |  4 |  5 |  6 |  7 |  8 |  9 | 10 | 11 | 12 | 13 | 14 | 15 |
  value: |  8 |  2 |  9 |  1 |  5 | 11 |  1 | 14 | 10 | 13 |  0 |  0 |  0 |  0 |  0 |  0 |
----------
STEP 29:
IP= 9, IS=13, R0= 2, R1= 0
address: |  0 |  1 |  2 |  3 |  4 |  5 |  6 |  7 |  8 |  9 | 10 | 11 | 12 | 13 | 14 | 15 |
  value: |  8 |  2 |  9 |  1 |  5 | 11 |  1 | 14 | 10 | 13 |  0 |  0 |  0 |  0 |  0 |  0 |
----------
STEP 30:
IP= 0, IS= 8, R0= 2, R1= 0
address: |  0 |  1 |  2 |  3 |  4 |  5 |  6 |  7 |  8 |  9 | 10 | 11 | 12 | 13 | 14 | 15 |
  value: |  8 |  2 |  9 |  1 |  5 | 11 |  1 | 14 | 10 | 13 |  0 |  0 |  0 |  0 |  0 |  0 |
----------
2
STEP 31:
IP= 2, IS= 9, R0= 2, R1= 0
address: |  0 |  1 |  2 |  3 |  4 |  5 |  6 |  7 |  8 |  9 | 10 | 11 | 12 | 13 | 14 | 15 |
  value: |  8 |  2 |  9 |  1 |  5 | 11 |  1 | 14 | 10 | 13 |  0 |  0 |  0 |  0 |  0 |  0 |
----------
STEP 32:
IP= 4, IS= 5, R0= 2, R1= 0
address: |  0 |  1 |  2 |  3 |  4 |  5 |  6 |  7 |  8 |  9 | 10 | 11 | 12 | 13 | 14 | 15 |
  value: |  8 |  2 |  9 |  1 |  5 | 11 |  1 | 14 | 10 | 13 |  0 |  0 |  0 |  0 |  0 |  0 |
----------
STEP 33:
IP= 5, IS=11, R0= 1, R1= 0
address: |  0 |  1 |  2 |  3 |  4 |  5 |  6 |  7 |  8 |  9 | 10 | 11 | 12 | 13 | 14 | 15 |
  value: |  8 |  2 |  9 |  1 |  5 | 11 |  1 | 14 | 10 | 13 |  0 |  0 |  0 |  0 |  0 |  0 |
----------
STEP 34:
IP= 7, IS=14, R0= 1, R1= 0
address: |  0 |  1 |  2 |  3 |  4 |  5 |  6 |  7 |  8 |  9 | 10 | 11 | 12 | 13 | 14 | 15 |
  value: |  8 |  1 |  9 |  1 |  5 | 11 |  1 | 14 | 10 | 13 |  0 |  0 |  0 |  0 |  0 |  0 |
----------
STEP 35:
IP= 9, IS=13, R0= 1, R1= 0
address: |  0 |  1 |  2 |  3 |  4 |  5 |  6 |  7 |  8 |  9 | 10 | 11 | 12 | 13 | 14 | 15 |
  value: |  8 |  1 |  9 |  1 |  5 | 11 |  1 | 14 | 10 | 13 |  0 |  0 |  0 |  0 |  0 |  0 |
----------
STEP 36:
IP= 0, IS= 8, R0= 1, R1= 0
address: |  0 |  1 |  2 |  3 |  4 |  5 |  6 |  7 |  8 |  9 | 10 | 11 | 12 | 13 | 14 | 15 |
  value: |  8 |  1 |  9 |  1 |  5 | 11 |  1 | 14 | 10 | 13 |  0 |  0 |  0 |  0 |  0 |  0 |
----------
1
STEP 37:
IP= 2, IS= 9, R0= 1, R1= 0
address: |  0 |  1 |  2 |  3 |  4 |  5 |  6 |  7 |  8 |  9 | 10 | 11 | 12 | 13 | 14 | 15 |
  value: |  8 |  1 |  9 |  1 |  5 | 11 |  1 | 14 | 10 | 13 |  0 |  0 |  0 |  0 |  0 |  0 |
----------
STEP 38:
IP= 4, IS= 5, R0= 1, R1= 0
address: |  0 |  1 |  2 |  3 |  4 |  5 |  6 |  7 |  8 |  9 | 10 | 11 | 12 | 13 | 14 | 15 |
  value: |  8 |  1 |  9 |  1 |  5 | 11 |  1 | 14 | 10 | 13 |  0 |  0 |  0 |  0 |  0 |  0 |
----------
STEP 39:
IP= 5, IS=11, R0= 0, R1= 0
address: |  0 |  1 |  2 |  3 |  4 |  5 |  6 |  7 |  8 |  9 | 10 | 11 | 12 | 13 | 14 | 15 |
  value: |  8 |  1 |  9 |  1 |  5 | 11 |  1 | 14 | 10 | 13 |  0 |  0 |  0 |  0 |  0 |  0 |
----------
STEP 40:
IP= 7, IS=14, R0= 0, R1= 0
address: |  0 |  1 |  2 |  3 |  4 |  5 |  6 |  7 |  8 |  9 | 10 | 11 | 12 | 13 | 14 | 15 |
  value: |  8 |  0 |  9 |  1 |  5 | 11 |  1 | 14 | 10 | 13 |  0 |  0 |  0 |  0 |  0 |  0 |
----------
STEP 41:
IP=10, IS= 0, R0= 0, R1= 0
address: |  0 |  1 |  2 |  3 |  4 |  5 |  6 |  7 |  8 |  9 | 10 | 11 | 12 | 13 | 14 | 15 |
  value: |  8 |  0 |  9 |  1 |  5 | 11 |  1 | 14 | 10 | 13 |  0 |  0 |  0 |  0 |  0 |  0 |
----------
