STEP 0:
IP= 0, IS= 5, R0= 0, R1= 0
address: |  0 |  1 |  2 |  3 |  4 |  5 |  6 |  7 |  8 |  9 | 10 | 11 | 12 | 13 | 14 | 15 |
  value: |  5 |  6 |  1 | 10 | 15 |  2 | 14 | 11 |  7 | 13 | 13 |  8 |  0 |  0 |  0 | 14 |
----------
STEP 1:
IP= 1, IS= 6, R0=15, R1= 0
address: |  0 |  1 |  2 |  3 |  4 |  5 |  6 |  7 |  8 |  9 | 10 | 11 | 12 | 13 | 14 | 15 |
  value: |  5 |  6 |  1 | 10 | 15 |  2 | 14 | 11 |  7 | 13 | 13 |  8 |  0 |  0 |  0 | 14 |
----------
STEP 2:
IP= 2, IS= 1, R0=15, R1=15
address: |  0 |  1 |  2 |  3 |  4 |  5 |  6 |  7 |  8 |  9 | 10 | 11 | 12 | 13 | 14 | 15 |
  value: |  5 |  6 |  1 | 10 | 15 |  2 | 14 | 11 |  7 | 13 | 13 |  8 |  0 |  0 |  0 | 14 |
----------
STEP 3:
IP= 3, IS=10, R0=14, R1=15
address: |  0 |  1 |  2 |  3 |  4 |  5 |  6 |  7 |  8 |  9 | 10 | 11 | 12 | 13 | 14 | 15 |
  value: |  5 |  6 |  1 | 10 | 15 |  2 | 14 | 11 |  7 | 13 | 13 |  8 |  0 |  0 |  0 | 14 |
----------
STEP 4:
IP= 5, IS= 2, R0=14, R1=14
address: |  0 |  1 |  2 |  3 |  4 |  5 |  6 |  7 |  8 |  9 | 10 | 11 | 12 | 13 | 14 | 15 |
  value: |  5 |  6 |  1 | 10 | 15 |  2 | 14 | 11 |  7 | 13 | 13 |  8 |  0 |  0 |  0 | 14 |
----------
STEP 5:
IP= 6, IS=14, R0= 0, R1=14
address: |  0 |  1 |  2 |  3 |  4 |  5 |  6 |  7 |  8 |  9 | 10 | 11 | 12 | 13 | 14 | 15 |
  value: |  5 |  6 |  1 | 10 | 15 |  2 | 14 | 11 |  7 | 13 | 13 |  8 |  0 |  0 |  0 | 14 |
----------
STEP 6:
IP=11, IS= 8, R0= 0, R1=14
address: |  0 |  1 |  2 |  3 |  4 |  5 |  6 |  7 |  8 |  9 | 10 | 11 | 12 | 13 | 14 | 15 |
  value: |  5 |  6 |  1 | 10 | 15 |  2 | 14 | 11 |  7 | 13 | 13 |  8 |  0 |  0 |  0 | 14 |
----------
0
STEP 7:
IP=13, IS= 0, R0= 0, R1=14
address: |  0 |  1 |  2 |  3 |  4 |  5 |  6 |  7 |  8 |  9 | 10 | 11 | 12 | 13 | 14 | 15 |
  value: |  5 |  6 |  1 | 10 | 15 |  2 | 14 | 11 |  7 | 13 | 13 |  8 |  0 |  0 |  0 | 14 |
----------
