STEP 0:
IP= 0, IS=13, R0= 0, R1= 0
address: |  0 |  1 |  2 |  3 |  4 |  5 |  6 |  7 |  8 |  9 | 10 | 11 | 12 | 13 | 14 | 15 |
  value: | 13 |  1 | 15 |  6 |  4 | 13 |  0 |  0 |  0 |  0 |  0 |  0 |  0 |  0 |  0 |  0 |
----------
STEP 1:
IP= 1, IS= 1, R0= 0, R1= 0
address: |  0 |  1 |  2 |  3 |  4 |  5 |  6 |  7 |  8 |  9 | 10 | 11 | 12 | 13 | 14 | 15 |
  value: | 13 |  1 | 15 |  6 |  4 | 13 |  0 |  0 |  0 |  0 |  0 |  0 |  0 |  0 |  0 |  0 |
----------
STEP 2:
IP= 2, IS=15, R0= 0, R1= 0
address: |  0 |  1 |  2 |  3 |  4 |  5 |  6 |  7 |  8 |  9 | 10 | 11 | 12 | 13 | 14 | 15 |
  value: | 13 |  1 | 15 |  6 |  4 | 13 |  0 |  0 |  0 |  0 |  0 |  0 |  0 |  0 |  0 |  0 |
----------
STEP 3:
IP= 4, IS= 4, R0= 0, R1= 0
address: |  0 |  1 |  2 |  3 |  4 |  5 |  6 |  7 |  8 |  9 | 10 | 11 | 12 | 13 | 14 | 15 |
  value: | 13 |  1 | 15 |  6 |  4 | 13 |  0 |  0 |  0 |  0 |  0 |  0 |  0 |  0 |  0 |  0 |
----------
STEP 4:
IP= 5, IS=13, R0= 0, R1= 1
address: |  0 |  1 |  2 |  3 |  4 |  5 |  6 |  7 |  8 |  9 | 10 | 11 | 12 | 13 | 14 | 15 |
  value: | 13 |  1 | 15 |  6 |  4 | 13 |  0 |  0 |  0 |  0 |  0 |  0 |  0 |  0 |  0 |  0 |
----------
STEP 5:
IP= 0, IS=13, R0= 0, R1= 1
address: |  0 |  1 |  2 |  3 |  4 |  5 |  6 |  7 |  8 |  9 | 10 | 11 | 12 | 13 | 14 | 15 |
  value: | 13 |  1 | 15 |  6 |  4 | 13 |  0 |  0 |  0 |  0 |  0 |  0 |  0 |  0 |  0 |  0 |
----------
STEP 6:
IP= 1, IS= 1, R0= 0, R1= 1
address: |  0 |  1 |  2 |  3 |  4 |  5 |  6 |  7 |  8 |  9 | 10 | 11 | 12 | 13 | 14 | 15 |
  value: | 13 |  1 | 15 |  6 |  4 | 13 |  0 |  0 |  0 |  0 |  0 |  0 |  0 |  0 |  0 |  0 |
----------
STEP 7:
IP= 2, IS=15, R0= 1, R1= 1
address: |  0 |  1 |  2 |  3 |  4 |  5 |  6 |  7 |  8 |  9 | 10 | 11 | 12 | 13 | 14 | 15 |
  value: | 13 |  1 | 15 |  6 |  4 | 13 |  0 |  0 |  0 |  0 |  0 |  0 |  0 |  0 |  0 |  0 |
----------
STEP 8:
IP= 6, IS= 0, R0= 1, R1= 1
address: |  0 |  1 |  2 |  3 |  4 |  5 |  6 |  7 |  8 |  9 | 10 | 11 | 12 | 13 | 14 | 15 |
  value: | 13 |  1 | 15 |  6 |  4 | 13 |  0 |  0 |  0 |  0 |  0 |  0 |  0 |  0 |  0 |  0 |
----------
