STEP 0:
IP= 0, IS= 9, R0= 0, R1= 0
address: |  0 |  1 |  2 |  3 |  4 |  5 |  6 |  7 |  8 |  9 | 10 | 11 | 12 | 13 | 14 | 15 |
  value: |  9 | 14 | 10 | 15 |  2 |  7 | 14 | 10 | 13 |  4 |  8 |  1 |  0 |  0 | 12 |  2 |
----------
STEP 1:
IP= 2, IS=10, R0=12, R1= 0
address: |  0 |  1 |  2 |  3 |  4 |  5 |  6 |  7 |  8 |  9 | 10 | 11 | 12 | 13 | 14 | 15 |
  value: |  9 | 14 | 10 | 15 |  2 |  7 | 14 | 10 | 13 |  4 |  8 |  1 |  0 |  0 | 12 |  2 |
----------
STEP 2:
IP= 4, IS= 2, R0=12, R1= 2
address: |  0 |  1 |  2 |  3 |  4 |  5 |  6 |  7 |  8 |  9 | 10 | 11 | 12 | 13 | 14 | 15 |
  value: |  9 | 14 | 10 | 15 |  2 |  7 | 14 | 10 | 13 |  4 |  8 |  1 |  0 |  0 | 12 |  2 |
----------
STEP 3:
IP= 5, IS= 7, R0=10, R1= 2
address: |  0 |  1 |  2 |  3 |  4 |  5 |  6 |  7 |  8 |  9 | 10 | 11 | 12 | 13 | 14 | 15 |
  value: |  9 | 14 | 10 | 15 |  2 |  7 | 14 | 10 | 13 |  4 |  8 |  1 |  0 |  0 | 12 |  2 |
----------
STEP 4:
IP= 6, IS=14, R0=10, R1= 2
address: |  0 |  1 |  2 |  3 |  4 |  5 |  6 |  7 |  8 |  9 | 10 | 11 | 12 | 13 | 14 | 15 |
  value: |  9 | 14 | 10 | 15 |  2 |  7 | 14 | 10 | 13 |  4 |  8 |  1 |  0 |  0 | 12 |  2 |
----------
STEP 5:
IP= 8, IS=13, R0=10, R1= 2
address: |  0 |  1 |  2 |  3 |  4 |  5 |  6 |  7 |  8 |  9 | 10 | 11 | 12 | 13 | 14 | 15 |
  value: |  9 | 14 | 10 | 15 |  2 |  7 | 14 | 10 | 13 |  4 |  8 |  1 |  0 |  0 | 12 |  2 |
----------
STEP 6:
IP= 4, IS= 2, R0=10, R1= 2
address: |  0 |  1 |  2 |  3 |  4 |  5 |  6 |  7 |  8 |  9 | 10 | 11 | 12 | 13 | 14 | 15 |
  value: |  9 | 14 | 10 | 15 |  2 |  7 | 14 | 10 | 13 |  4 |  8 |  1 |  0 |  0 | 12 |  2 |
----------
STEP 7:
IP= 5, IS= 7, R0= 8, R1= 2
address: |  0 |  1 |  2 |  3 |  4 |  5 |  6 |  7 |  8 |  9 | 10 | 11 | 12 | 13 | 14 | 15 |
  value: |  9 | 14 | 10 | 15 |  2 |  7 | 14 | 10 | 13 |  4 |  8 |  1 |  0 |  0 | 12 |  2 |
----------
STEP 8:
IP= 6, IS=14, R0= 8, R1= 2
address: |  0 |  1 |  2 |  3 |  4 |  5 |  6 |  7 |  8 |  9 | 10 | 11 | 12 | 13 | 14 | 15 |
  value: |  9 | 14 | 10 | 15 |  2 |  7 | 14 | 10 | 13 |  4 |  8 |  1 |  0 |  0 | 12 |  2 |
----------
STEP 9:
IP= 8, IS=13, R0= 8, R1= 2
address: |  0 |  1 |  2 |  3 |  4 |  5 |  6 |  7 |  8 |  9 | 10 | 11 | 12 | 13 | 14 | 15 |
  value: |  9 | 14 | 10 | 15 |  2 |  7 | 14 | 10 | 13 |  4 |  8 |  1 |  0 |  0 | 12 |  2 |
----------
STEP 10:
IP= 4, IS= 2, R0= 8, R1= 2
address: |  0 |  1 |  2 |  3 |  4 |  5 |  6 |  7 |  8 |  9 | 10 | 11 | 12 | 13 | 14 | 15 |
  value: |  9 | 14 | 10 | 15 |  2 |  7 | 14 | 10 | 13 |  4 |  8 |  1 |  0 |  0 | 12 |  2 |
----------
STEP 11:
IP= 5, IS= 7, R0= 6, R1= 2
address: |  0 |  1 |  2 |  3 |  4 |  5 |  6 |  7 |  8 |  9 | 10 | 11 | 12 | 13 | 14 | 15 |
  value: |  9 | 14 | 10 | 15 |  2 |  7 | 14 | 10 | 13 |  4 |  8 |  1 |  0 |  0 | 12 |  2 |
----------
STEP 12:
IP= 6, IS=14, R0= 6, R1= 2
address: |  0 |  1 |  2 |  3 |  4 |  5 |  6 |  7 |  8 |  9 | 10 | 11 | 12 | 13 | 14 | 15 |
  value: |  9 | 14 | 10 | 15 |  2 |  7 | 14 | 10 | 13 |  4 |  8 |  1 |  0 |  0 | 12 |  2 |
----------
STEP 13:
IP= 8, IS=13, R0= 6, R1= 2
address: |  0 |  1 |  2 |  3 |  4 |  5 |  6 |  7 |  8 |  9 | 10 | 11 | 12 | 13 | 14 | 15 |
  value: |  9 | 14 | 10 | 15 |  2 |  7 | 14 | 10 | 13 |  4 |  8 |  1 |  0 |  0 | 12 |  2 |
----------
STEP 14:
IP= 4, IS= 2, R0= 6, R1= 2
address: |  0 |  1 |  2 |  3 |  4 |  5 |  6 |  7 |  8 |  9 | 10 | 11 | 12 | 13 | 14 | 15 |
  value: |  9 | 14 | 10 | 15 |  2 |  7 | 14 | 10 | 13 |  4 |  8 |  1 |  0 |  0 | 12 |  2 |
----------
STEP 15:
IP= 5, IS= 7, R0= 4, R1= 2
address: |  0 |  1 |  2 |  3 |  4 |  5 |  6 |  7 |  8 |  9 | 10 | 11 | 12 | 13 | 14 | 15 |
  value: |  9 | 14 | 10 | 15 |  2 |  7 | 14 | 10 | 13 |  4 |  8 |  1 |  0 |  0 | 12 |  2 |
----------
STEP 16:
IP= 6, IS=14, R0= 4, R1= 2
address: |  0 |  1 |  2 |  3 |  4 |  5 |  6 |  7 |  8 |  9 | 10 | 11 | 12 | 13 | 14 | 15 |
  value: |  9 | 14 | 10 | 15 |  2 |  7 | 14 | 10 | 13 |  4 |  8 |  1 |  0 |  0 | 12 |  2 |
----------
STEP 17:
IP= 8, IS=13, R0= 4, R1= 2
address: |  0 |  1 |  2 |  3 |  4 |  5 |  6 |  7 |  8 |  9 | 10 | 11 | 12 | 13 | 14 | 15 |
  value: |  9 | 14 | 10 | 15 |  2 |  7 | 14 | 10 | 13 |  4 |  8 |  1 |  0 |  0 | 12 |  2 |
----------
STEP 18:
IP= 4, IS= 2, R0= 4, R1= 2
address: |  0 |  1 |  2 |  3 |  4 |  5 |  6 |  7 |  8 |  9 | 10 | 11 | 12 | 13 | 14 | 15 |
  value: |  9 | 14 | 10 | 15 |  2 |  7 | 14 | 10 | 13 |  4 |  8 |  1 |  0 |  0 | 12 |  2 |
----------
STEP 19:
IP= 5, IS= 7, R0= 2, R1= 2
address: |  0 |  1 |  2 |  3 |  4 |  5 |  6 |  7 |  8 |  9 | 10 | 11 | 12 | 13 | 14 | 15 |
  value: |  9 | 14 | 10 | 15 |  2 |  7 | 14 | 10 | 13 |  4 |  8 |  1 |  0 |  0 | 12 |  2 |
----------
STEP 20:
IP= 6, IS=14, R0= 2, R1= 2
address: |  0 |  1 |  2 |  3 |  4 |  5 |  6 |  7 |  8 |  9 | 10 | 11 | 12 | 13 | 14 | 15 |
  value: |  9 | 14 | 10 | 15 |  2 |  7 | 14 | 10 | 13 |  4 |  8 |  1 |  0 |  0 | 12 |  2 |
----------
STEP 21:
IP= 8, IS=13, R0= 2, R1= 2
address: |  0 |  1 |  2 |  3 |  4 |  5 |  6 |  7 |  8 |  9 | 10 | 11 | 12 | 13 | 14 | 15 |
  value: |  9 | 14 | 10 | 15 |  2 |  7 | 14 | 10 | 13 |  4 |  8 |  1 |  0 |  0 | 12 |  2 |
----------
STEP 22:
IP= 4, IS= 2, R0= 2, R1= 2
address: |  0 |  1 |  2 |  3 |  4 |  5 |  6 |  7 |  8 |  9 | 10 | 11 | 12 | 13 | 14 | 15 |
  value: |  9 | 14 | 10 | 15 |  2 |  7 | 14 | 10 | 13 |  4 |  8 |  1 |  0 |  0 | 12 |  2 |
----------
STEP 23:
IP= 5, IS= 7, R0= 0, R1= 2
address: |  0 |  1 |  2 |  3 |  4 |  5 |  6 |  7 |  8 |  9 | 10 | 11 | 12 | 13 | 14 | 15 |
  value: |  9 | 14 | 10 | 15 |  2 |  7 | 14 | 10 | 13 |  4 |  8 |  1 |  0 |  0 | 12 |  2 |
----------
STEP 24:
IP= 6, IS=14, R0= 0, R1= 2
address: |  0 |  1 |  2 |  3 |  4 |  5 |  6 |  7 |  8 |  9 | 10 | 11 | 12 | 13 | 14 | 15 |
  value: |  9 | 14 | 10 | 15 |  2 |  7 | 14 | 10 | 13 |  4 |  8 |  1 |  0 |  0 | 12 |  2 |
----------
STEP 25:
IP=10, IS= 8, R0= 0, R1= 2
address: |  0 |  1 |  2 |  3 |  4 |  5 |  6 |  7 |  8 |  9 | 10 | 11 | 12 | 13 | 14 | 15 |
  value: |  9 | 14 | 10 | 15 |  2 |  7 | 14 | 10 | 13 |  4 |  8 |  1 |  0 |  0 | 12 |  2 |
----------
1
STEP 26:
IP=12, IS= 0, R0= 0, R1= 2
address: |  0 |  1 |  2 |  3 |  4 |  5 |  6 |  7 |  8 |  9 | 10 | 11 | 12 | 13 | 14 | 15 |
  value: |  9 | 14 | 10 | 15 |  2 |  7 | 14 | 10 | 13 |  4 |  8 |  1 |  0 |  0 | 12 |  2 |
----------
