STEP 0:
IP= 0, IS= 9, R0= 0, R1= 0
address: |  0 |  1 |  2 |  3 |  4 |  5 |  6 |  7 |  8 |  9 | 10 | 11 | 12 | 13 | 14 | 15 |
  value: |  9 | 14 | 10 | 15 |  5 |  2 | 14 | 11 |  7 | 13 | 13 |  8 |  1 |  0 |  7 |  6 |
----------
STEP 1:
IP= 2, IS=10, R0= 7, R1= 0
address: |  0 |  1 |  2 |  3 |  4 |  5 |  6 |  7 |  8 |  9 | 10 | 11 | 12 | 13 | 14 | 15 |
  value: |  9 | 14 | 10 | 15 |  5 |  2 | 14 | 11 |  7 | 13 | 13 |  8 |  1 |  0 |  7 |  6 |
----------
STEP 2:
IP= 4, IS= 5, R0= 7, R1= 6
address: |  0 |  1 |  2 |  3 |  4 |  5 |  6 |  7 |  8 |  9 | 10 | 11 | 12 | 13 | 14 | 15 |
  value: |  9 | 14 | 10 | 15 |  5 |  2 | 14 | 11 |  7 | 13 | 13 |  8 |  1 |  0 |  7 |  6 |
----------
STEP 3:
IP= 5, IS= 2, R0= 6, R1= 6
address: |  0 |  1 |  2 |  3 |  4 |  5 |  6 |  7 |  8 |  9 | 10 | 11 | 12 | 13 | 14 | 15 |
  value: |  9 | 14 | 10 | 15 |  5 |  2 | 14 | 11 |  7 | 13 | 13 |  8 |  1 |  0 |  7 |  6 |
----------
STEP 4:
IP= 6, IS=14, R0= 0, R1= 6
address: |  0 |  1 |  2 |  3 |  4 |  5 |  6 |  7 |  8 |  9 | 10 | 11 | 12 | 13 | 14 | 15 |
  value: |  9 | 14 | 10 | 15 |  5 |  2 | 14 | 11 |  7 | 13 | 13 |  8 |  1 |  0 |  7 |  6 |
----------
STEP 5:
IP=11, IS= 8, R0= 0, R1= 6
address: |  0 |  1 |  2 |  3 |  4 |  5 |  6 |  7 |  8 |  9 | 10 | 11 | 12 | 13 | 14 | 15 |
  value: |  9 | 14 | 10 | 15 |  5 |  2 | 14 | 11 |  7 | 13 | 13 |  8 |  1 |  0 |  7 |  6 |
----------
1
STEP 6:
IP=13, IS= 0, R0= 0, R1= 6
address: |  0 |  1 |  2 |  3 |  4 |  5 |  6 |  7 |  8 |  9 | 10 | 11 | 12 | 13 | 14 | 15 |
  value: |  9 | 14 | 10 | 15 |  5 |  2 | 14 | 11 |  7 | 13 | 13 |  8 |  1 |  0 |  7 |  6 |
----------
