STEP 0:
IP= 0, IS= 5, R0= 0, R1= 0
address: |  0 |  1 |  2 |  3 |  4 |  5 |  6 |  7 |  8 |  9 | 10 | 11 | 12 | 13 | 14 | 15 |
  value: |  5 | 14 | 15 | 11 |  6 |  8 |  0 | 13 |  0 |  0 |  0 |  0 |  0 |  0 |  0 |  0 |
----------
STEP 1:
IP= 1, IS=14, R0=15, R1= 0
address: |  0 |  1 |  2 |  3 |  4 |  5 |  6 |  7 |  8 |  9 | 10 | 11 | 12 | 13 | 14 | 15 |
  value: |  5 | 14 | 15 | 11 |  6 |  8 |  0 | 13 |  0 |  0 |  0 |  0 |  0 |  0 |  0 |  0 |
----------
STEP 2:
IP= 3, IS=11, R0=15, R1= 0
address: |  0 |  1 |  2 |  3 |  4 |  5 |  6 |  7 |  8 |  9 | 10 | 11 | 12 | 13 | 14 | 15 |
  value: |  5 | 14 | 15 | 11 |  6 |  8 |  0 | 13 |  0 |  0 |  0 |  0 |  0 |  0 |  0 |  0 |
----------
STEP 3:
IP= 5, IS= 8, R0=15, R1= 0
address: |  0 |  1 |  2 |  3 |  4 |  5 |  6 |  7 |  8 |  9 | 10 | 11 | 12 | 13 | 14 | 15 |
  value: |  5 | 14 | 15 | 11 |  6 |  8 | 15 | 13 |  0 |  0 |  0 |  0 |  0 |  0 |  0 |  0 |
----------
15
STEP 4:
IP= 7, IS=13, R0=15, R1= 0
address: |  0 |  1 |  2 |  3 |  4 |  5 |  6 |  7 |  8 |  9 | 10 | 11 | 12 | 13 | 14 | 15 |
  value: |  5 | 14 | 15 | 11 |  6 |  8 | 15 | 13 |  0 |  0 |  0 |  0 |  0 |  0 |  0 |  0 |
----------
STEP 5:
IP= 0, IS= 5, R0=15, R1= 0
address: |  0 |  1 |  2 |  3 |  4 |  5 |  6 |  7 |  8 |  9 | 10 | 11 | 12 | 13 | 14 | 15 |
  value: |  5 | 14 | 15 | 11 |  6 |  8 | 15 | 13 |  0 |  0 |  0 |  0 |  0 |  0 |  0 |  0 |
----------
STEP 6:
IP= 1, IS=14, R0=14, R1= 0
address: |  0 |  1 |  2 |  3 |  4 |  5 |  6 |  7 |  8 |  9 | 10 | 11 | 12 | 13 | 14 | 15 |
  value: |  5 | 14 | 15 | 11 |  6 |  8 | 15 | 13 |  0 |  0 |  0 |  0 |  0 |  0 |  0 |  0 |
----------
STEP 7:
IP= 3, IS=11, R0=14, R1= 0
address: |  0 |  1 |  2 |  3 |  4 |  5 |  6 |  7 |  8 |  9 | 10 | 11 | 12 | 13 | 14 | 15 |
  value: |  5 | 14 | 15 | 11 |  6 |  8 | 15 | 13 |  0 |  0 |  0 |  0 |  0 |  0 |  0 |  0 |
----------
STEP 8:
IP= 5, IS= 8, R0=14, R1= 0
address: |  0 |  1 |  2 |  3 |  4 |  5 |  6 |  7 |  8 |  9 | 10 | 11 | 12 | 13 | 14 | 15 |
  value: |  5 | 14 | 15 | 11 |  6 |  8 | 14 | 13 |  0 |  0 |  0 |  0 |  0 |  0 |  0 |  0 |
----------
14
STEP 9:
IP= 7, IS=13, R0=14, R1= 0
address: |  0 |  1 |  2 |  3 |  4 |  5 |  6 |  7 |  8 |  9 | 10 | 11 | 12 | 13 | 14 | 15 |
  value: |  5 | 14 | 15 | 11 |  6 |  8 | 14 | 13 |  0 |  0 |  0 |  0 |  0 |  0 |  0 |  0 |
----------
STEP 10:
IP= 0, IS= 5, R0=14, R1= 0
address: |  0 |  1 |  2 |  3 |  4 |  5 |  6 |  7 |  8 |  9 | 10 | 11 | 12 | 13 | 14 | 15 |
  value: |  5 | 14 | 15 | 11 |  6 |  8 | 14 | 13 |  0 |  0 |  0 |  0 |  0 |  0 |  0 |  0 |
----------
STEP 11:
IP= 1, IS=14, R0=13, R1= 0
address: |  0 |  1 |  2 |  3 |  4 |  5 |  6 |  7 |  8 |  9 | 10 | 11 | 12 | 13 | 14 | 15 |
  value: |  5 | 14 | 15 | 11 |  6 |  8 | 14 | 13 |  0 |  0 |  0 |  0 |  0 |  0 |  0 |  0 |
----------
STEP 12:
IP= 3, IS=11, R0=13, R1= 0
address: |  0 |  1 |  2 |  3 |  4 |  5 |  6 |  7 |  8 |  9 | 10 | 11 | 12 | 13 | 14 | 15 |
  value: |  5 | 14 | 15 | 11 |  6 |  8 | 14 | 13 |  0 |  0 |  0 |  0 |  0 |  0 |  0 |  0 |
----------
STEP 13:
IP= 5, IS= 8, R0=13, R1= 0
address: |  0 |  1 |  2 |  3 |  4 |  5 |  6 |  7 |  8 |  9 | 10 | 11 | 12 | 13 | 14 | 15 |
  value: |  5 | 14 | 15 | 11 |  6 |  8 | 13 | 13 |  0 |  0 |  0 |  0 |  0 |  0 |  0 |  0 |
----------
13
STEP 14:
IP= 7, IS=13, R0=13, R1= 0
address: |  0 |  1 |  2 |  3 |  4 |  5 |  6 |  7 |  8 |  9 | 10 | 11 | 12 | 13 | 14 | 15 |
  value: |  5 | 14 | 15 | 11 |  6 |  8 | 13 | 13 |  0 |  0 |  0 |  0 |  0 |  0 |  0 |  0 |
----------
STEP 15:
IP= 0, IS= 5, R0=13, R1= 0
address: |  0 |  1 |  2 |  3 |  4 |  5 |  6 |  7 |  8 |  9 | 10 | 11 | 12 | 13 | 14 | 15 |
  value: |  5 | 14 | 15 | 11 |  6 |  8 | 13 | 13 |  0 |  0 |  0 |  0 |  0 |  0 |  0 |  0 |
----------
STEP 16:
IP= 1, IS=14, R0=12, R1= 0
address: |  0 |  1 |  2 |  3 |  4 |  5 |  6 |  7 |  8 |  9 | 10 | 11 | 12 | 13 | 14 | 15 |
  value: |  5 | 14 | 15 | 11 |  6 |  8 | 13 | 13 |  0 |  0 |  0 |  0 |  0 |  0 |  0 |  0 |
----------
STEP 17:
IP= 3, IS=11, R0=12, R1= 0
address: |  0 |  1 |  2 |  3 |  4 |  5 |  6 |  7 |  8 |  9 | 10 | 11 | 12 | 13 | 14 | 15 |
  value: |  5 | 14 | 15 | 11 |  6 |  8 | 13 | 13 |  0 |  0 |  0 |  0 |  0 |  0 |  0 |  0 |
----------
STEP 18:
IP= 5, IS= 8, R0=12, R1= 0
address: |  0 |  1 |  2 |  3 |  4 |  5 |  6 |  7 |  8 |  9 | 10 | 11 | 12 | 13 | 14 | 15 |
  value: |  5 | 14 | 15 | 11 |  6 |  8 | 12 | 13 |  0 |  0 |  0 |  0 |  0 |  0 |  0 |  0 |
----------
12
STEP 19:
IP= 7, IS=13, R0=12, R1= 0
address: |  0 |  1 |  2 |  3 |  4 |  5 |  6 |  7 |  8 |  9 | 10 | 11 | 12 | 13 | 14 | 15 |
  value: |  5 | 14 | 15 | 11 |  6 |  8 | 12 | 13 |  0 |  0 |  0 |  0 |  0 |  0 |  0 |  0 |
----------
STEP 20:
IP= 0, IS= 5, R0=12, R1= 0
address: |  0 |  1 |  2 |  3 |  4 |  5 |  6 |  7 |  8 |  9 | 10 | 11 | 12 | 13 | 14 | 15 |
  value: |  5 | 14 | 15 | 11 |  6 |  8 | 12 | 13 |  0 |  0 |  0 |  0 |  0 |  0 |  0 |  0 |
----------
STEP 21:
IP= 1, IS=14, R0=11, R1= 0
address: |  0 |  1 |  2 |  3 |  4 |  5 |  6 |  7 |  8 |  9 | 10 | 11 | 12 | 13 | 14 | 15 |
  value: |  5 | 14 | 15 | 11 |  6 |  8 | 12 | 13 |  0 |  0 |  0 |  0 |  0 |  0 |  0 |  0 |
----------
STEP 22:
IP= 3, IS=11, R0=11, R1= 0
address: |  0 |  1 |  2 |  3 |  4 |  5 |  6 |  7 |  8 |  9 | 10 | 11 | 12 | 13 | 14 | 15 |
  value: |  5 | 14 | 15 | 11 |  6 |  8 | 12 | 13 |  0 |  0 |  0 |  0 |  0 |  0 |  0 |  0 |
----------
STEP 23:
IP= 5, IS= 8, R0=11, R1= 0
address: |  0 |  1 |  2 |  3 |  4 |  5 |  6 |  7 |  8 |  9 | 10 | 11 | 12 | 13 | 14 | 15 |
  value: |  5 | 14 | 15 | 11 |  6 |  8 | 11 | 13 |  0 |  0 |  0 |  0 |  0 |  0 |  0 |  0 |
----------
11
STEP 24:
IP= 7, IS=13, R0=11, R1= 0
address: |  0 |  1 |  2 |  3 |  4 |  5 |  6 |  7 |  8 |  9 | 10 | 11 | 12 | 13 | 14 | 15 |
  value: |  5 | 14 | 15 | 11 |  6 |  8 | 11 | 13 |  0 |  0 |  0 |  0 |  0 |  0 |  0 |  0 |
----------
STEP 25:
IP= 0, IS= 5, R0=11, R1= 0
address: |  0 |  1 |  2 |  3 |  4 |  5 |  6 |  7 |  8 |  9 | 10 | 11 | 12 | 13 | 14 | 15 |
  value: |  5 | 14 | 15 | 11 |  6 |  8 | 11 | 13 |  0 |  0 |  0 |  0 |  0 |  0 |  0 |  0 |
----------
STEP 26:
IP= 1, IS=14, R0=10, R1= 0
address: |  0 |  1 |  2 |  3 |  4 |  5 |  6 |  7 |  8 |  9 | 10 | 11 | 12 | 13 | 14 | 15 |
  value: |  5 | 14 | 15 | 11 |  6 |  8 | 11 | 13 |  0 |  0 |  0 |  0 |  0 |  0 |  0 |  0 |
----------
STEP 27:
IP= 3, IS=11, R0=10, R1= 0
address: |  0 |  1 |  2 |  3 |  4 |  5 |  6 |  7 |  8 |  9 | 10 | 11 | 12 | 13 | 14 | 15 |
  value: |  5 | 14 | 15 | 11 |  6 |  8 | 11 | 13 |  0 |  0 |  0 |  0 |  0 |  0 |  0 |  0 |
----------
STEP 28:
IP= 5, IS= 8, R0=10, R1= 0
address: |  0 |  1 |  2 |  3 |  4 |  5 |  6 |  7 |  8 |  9 | 10 | 11 | 12 | 13 | 14 | 15 |
  value: |  5 | 14 | 15 | 11 |  6 |  8 | 10 | 13 |  0 |  0 |  0 |  0 |  0 |  0 |  0 |  0 |
----------
10
STEP 29:
IP= 7, IS=13, R0=10, R1= 0
address: |  0 |  1 |  2 |  3 |  4 |  5 |  6 |  7 |  8 |  9 | 10 | 11 | 12 | 13 | 14 | 15 |
  value: |  5 | 14 | 15 | 11 |  6 |  8 | 10 | 13 |  0 |  0 |  0 |  0 |  0 |  0 |  0 |  0 |
----------
STEP 30:
IP= 0, IS= 5, R0=10, R1= 0
address: |  0 |  1 |  2 |  3 |  4 |  5 |  6 |  7 |  8 |  9 | 10 | 11 | 12 | 13 | 14 | 15 |
  value: |  5 | 14 | 15 | 11 |  6 |  8 | 10 | 13 |  0 |  0 |  0 |  0 |  0 |  0 |  0 |  0 |
----------
STEP 31:
IP= 1, IS=14, R0= 9, R1= 0
address: |  0 |  1 |  2 |  3 |  4 |  5 |  6 |  7 |  8 |  9 | 10 | 11 | 12 | 13 | 14 | 15 |
  value: |  5 | 14 | 15 | 11 |  6 |  8 | 10 | 13 |  0 |  0 |  0 |  0 |  0 |  0 |  0 |  0 |
----------
STEP 32:
IP= 3, IS=11, R0= 9, R1= 0
address: |  0 |  1 |  2 |  3 |  4 |  5 |  6 |  7 |  8 |  9 | 10 | 11 | 12 | 13 | 14 | 15 |
  value: |  5 | 14 | 15 | 11 |  6 |  8 | 10 | 13 |  0 |  0 |  0 |  0 |  0 |  0 |  0 |  0 |
----------
STEP 33:
IP= 5, IS= 8, R0= 9, R1= 0
address: |  0 |  1 |  2 |  3 |  4 |  5 |  6 |  7 |  8 |  9 | 10 | 11 | 12 | 13 | 14 | 15 |
  value: |  5 | 14 | 15 | 11 |  6 |  8 |  9 | 13 |  0 |  0 |  0 |  0 |  0 |  0 |  0 |  0 |
----------
9
STEP 34:
IP= 7, IS=13, R0= 9, R1= 0
address: |  0 |  1 |  2 |  3 |  4 |  5 |  6 |  7 |  8 |  9 | 10 | 11 | 12 | 13 | 14 | 15 |
  value: |  5 | 14 | 15 | 11 |  6 |  8 |  9 | 13 |  0 |  0 |  0 |  0 |  0 |  0 |  0 |  0 |
----------
STEP 35:
IP= 0, IS= 5, R0= 9, R1= 0
address: |  0 |  1 |  2 |  3 |  4 |  5 |  6 |  7 |  8 |  9 | 10 | 11 | 12 | 13 | 14 | 15 |
  value: |  5 | 14 | 15 | 11 |  6 |  8 |  9 | 13 |  0 |  0 |  0 |  0 |  0 |  0 |  0 |  0 |
----------
STEP 36:
IP= 1, IS=14, R0= 8, R1= 0
address: |  0 |  1 |  2 |  3 |  4 |  5 |  6 |  7 |  8 |  9 | 10 | 11 | 12 | 13 | 14 | 15 |
  value: |  5 | 14 | 15 | 11 |  6 |  8 |  9 | 13 |  0 |  0 |  0 |  0 |  0 |  0 |  0 |  0 |
----------
STEP 37:
IP= 3, IS=11, R0= 8, R1= 0
address: |  0 |  1 |  2 |  3 |  4 |  5 |  6 |  7 |  8 |  9 | 10 | 11 | 12 | 13 | 14 | 15 |
  value: |  5 | 14 | 15 | 11 |  6 |  8 |  9 | 13 |  0 |  0 |  0 |  0 |  0 |  0 |  0 |  0 |
----------
STEP 38:
IP= 5, IS= 8, R0= 8, R1= 0
address: |  0 |  1 |  2 |  3 |  4 |  5 |  6 |  7 |  8 |  9 | 10 | 11 | 12 | 13 | 14 | 15 |
  value: |  5 | 14 | 15 | 11 |  6 |  8 |  8 | 13 |  0 |  0 |  0 |  0 |  0 |  0 |  0 |  0 |
----------
8
STEP 39:
IP= 7, IS=13, R0= 8, R1= 0
address: |  0 |  1 |  2 |  3 |  4 |  5 |  6 |  7 |  8 |  9 | 10 | 11 | 12 | 13 | 14 | 15 |
  value: |  5 | 14 | 15 | 11 |  6 |  8 |  8 | 13 |  0 |  0 |  0 |  0 |  0 |  0 |  0 |  0 |
----------
STEP 40:
IP= 0, IS= 5, R0= 8, R1= 0
address: |  0 |  1 |  2 |  3 |  4 |  5 |  6 |  7 |  8 |  9 | 10 | 11 | 12 | 13 | 14 | 15 |
  value: |  5 | 14 | 15 | 11 |  6 |  8 |  8 | 13 |  0 |  0 |  0 |  0 |  0 |  0 |  0 |  0 |
----------
STEP 41:
IP= 1, IS=14, R0= 7, R1= 0
address: |  0 |  1 |  2 |  3 |  4 |  5 |  6 |  7 |  8 |  9 | 10 | 11 | 12 | 13 | 14 | 15 |
  value: |  5 | 14 | 15 | 11 |  6 |  8 |  8 | 13 |  0 |  0 |  0 |  0 |  0 |  0 |  0 |  0 |
----------
STEP 42:
IP= 3, IS=11, R0= 7, R1= 0
address: |  0 |  1 |  2 |  3 |  4 |  5 |  6 |  7 |  8 |  9 | 10 | 11 | 12 | 13 | 14 | 15 |
  value: |  5 | 14 | 15 | 11 |  6 |  8 |  8 | 13 |  0 |  0 |  0 |  0 |  0 |  0 |  0 |  0 |
----------
STEP 43:
IP= 5, IS= 8, R0= 7, R1= 0
address: |  0 |  1 |  2 |  3 |  4 |  5 |  6 |  7 |  8 |  9 | 10 | 11 | 12 | 13 | 14 | 15 |
  value: |  5 | 14 | 15 | 11 |  6 |  8 |  7 | 13 |  0 |  0 |  0 |  0 |  0 |  0 |  0 |  0 |
----------
7
STEP 44:
IP= 7, IS=13, R0= 7, R1= 0
address: |  0 |  1 |  2 |  3 |  4 |  5 |  6 |  7 |  8 |  9 | 10 | 11 | 12 | 13 | 14 | 15 |
  value: |  5 | 14 | 15 | 11 |  6 |  8 |  7 | 13 |  0 |  0 |  0 |  0 |  0 |  0 |  0 |  0 |
----------
STEP 45:
IP= 0, IS= 5, R0= 7, R1= 0
address: |  0 |  1 |  2 |  3 |  4 |  5 |  6 |  7 |  8 |  9 | 10 | 11 | 12 | 13 | 14 | 15 |
  value: |  5 | 14 | 15 | 11 |  6 |  8 |  7 | 13 |  0 |  0 |  0 |  0 |  0 |  0 |  0 |  0 |
----------
STEP 46:
IP= 1, IS=14, R0= 6, R1= 0
address: |  0 |  1 |  2 |  3 |  4 |  5 |  6 |  7 |  8 |  9 | 10 | 11 | 12 | 13 | 14 | 15 |
  value: |  5 | 14 | 15 | 11 |  6 |  8 |  7 | 13 |  0 |  0 |  0 |  0 |  0 |  0 |  0 |  0 |
----------
STEP 47:
IP= 3, IS=11, R0= 6, R1= 0
address: |  0 |  1 |  2 |  3 |  4 |  5 |  6 |  7 |  8 |  9 | 10 | 11 | 12 | 13 | 14 | 15 |
  value: |  5 | 14 | 15 | 11 |  6 |  8 |  7 | 13 |  0 |  0 |  0 |  0 |  0 |  0 |  0 |  0 |
----------
STEP 48:
IP= 5, IS= 8, R0= 6, R1= 0
address: |  0 |  1 |  2 |  3 |  4 |  5 |  6 |  7 |  8 |  9 | 10 | 11 | 12 | 13 | 14 | 15 |
  value: |  5 | 14 | 15 | 11 |  6 |  8 |  6 | 13 |  0 |  0 |  0 |  0 |  0 |  0 |  0 |  0 |
----------
6
STEP 49:
IP= 7, IS=13, R0= 6, R1= 0
address: |  0 |  1 |  2 |  3 |  4 |  5 |  6 |  7 |  8 |  9 | 10 | 11 | 12 | 13 | 14 | 15 |
  value: |  5 | 14 | 15 | 11 |  6 |  8 |  6 | 13 |  0 |  0 |  0 |  0 |  0 |  0 |  0 |  0 |
----------
STEP 50:
IP= 0, IS= 5, R0= 6, R1= 0
address: |  0 |  1 |  2 |  3 |  4 |  5 |  6 |  7 |  8 |  9 | 10 | 11 | 12 | 13 | 14 | 15 |
  value: |  5 | 14 | 15 | 11 |  6 |  8 |  6 | 13 |  0 |  0 |  0 |  0 |  0 |  0 |  0 |  0 |
----------
STEP 51:
IP= 1, IS=14, R0= 5, R1= 0
address: |  0 |  1 |  2 |  3 |  4 |  5 |  6 |  7 |  8 |  9 | 10 | 11 | 12 | 13 | 14 | 15 |
  value: |  5 | 14 | 15 | 11 |  6 |  8 |  6 | 13 |  0 |  0 |  0 |  0 |  0 |  0 |  0 |  0 |
----------
STEP 52:
IP= 3, IS=11, R0= 5, R1= 0
address: |  0 |  1 |  2 |  3 |  4 |  5 |  6 |  7 |  8 |  9 | 10 | 11 | 12 | 13 | 14 | 15 |
  value: |  5 | 14 | 15 | 11 |  6 |  8 |  6 | 13 |  0 |  0 |  0 |  0 |  0 |  0 |  0 |  0 |
----------
STEP 53:
IP= 5, IS= 8, R0= 5, R1= 0
address: |  0 |  1 |  2 |  3 |  4 |  5 |  6 |  7 |  8 |  9 | 10 | 11 | 12 | 13 | 14 | 15 |
  value: |  5 | 14 | 15 | 11 |  6 |  8 |  5 | 13 |  0 |  0 |  0 |  0 |  0 |  0 |  0 |  0 |
----------
5
STEP 54:
IP= 7, IS=13, R0= 5, R1= 0
address: |  0 |  1 |  2 |  3 |  4 |  5 |  6 |  7 |  8 |  9 | 10 | 11 | 12 | 13 | 14 | 15 |
  value: |  5 | 14 | 15 | 11 |  6 |  8 |  5 | 13 |  0 |  0 |  0 |  0 |  0 |  0 |  0 |  0 |
----------
STEP 55:
IP= 0, IS= 5, R0= 5, R1= 0
address: |  0 |  1 |  2 |  3 |  4 |  5 |  6 |  7 |  8 |  9 | 10 | 11 | 12 | 13 | 14 | 15 |
  value: |  5 | 14 | 15 | 11 |  6 |  8 |  5 | 13 |  0 |  0 |  0 |  0 |  0 |  0 |  0 |  0 |
----------
STEP 56:
IP= 1, IS=14, R0= 4, R1= 0
address: |  0 |  1 |  2 |  3 |  4 |  5 |  6 |  7 |  8 |  9 | 10 | 11 | 12 | 13 | 14 | 15 |
  value: |  5 | 14 | 15 | 11 |  6 |  8 |  5 | 13 |  0 |  0 |  0 |  0 |  0 |  0 |  0 |  0 |
----------
STEP 57:
IP= 3, IS=11, R0= 4, R1= 0
address: |  0 |  1 |  2 |  3 |  4 |  5 |  6 |  7 |  8 |  9 | 10 | 11 | 12 | 13 | 14 | 15 |
  value: |  5 | 14 | 15 | 11 |  6 |  8 |  5 | 13 |  0 |  0 |  0 |  0 |  0 |  0 |  0 |  0 |
----------
STEP 58:
IP= 5, IS= 8, R0= 4, R1= 0
address: |  0 |  1 |  2 |  3 |  4 |  5 |  6 |  7 |  8 |  9 | 10 | 11 | 12 | 13 | 14 | 15 |
  value: |  5 | 14 | 15 | 11 |  6 |  8 |  4 | 13 |  0 |  0 |  0 |  0 |  0 |  0 |  0 |  0 |
----------
4
STEP 59:
IP= 7, IS=13, R0= 4, R1= 0
address: |  0 |  1 |  2 |  3 |  4 |  5 |  6 |  7 |  8 |  9 | 10 | 11 | 12 | 13 | 14 | 15 |
  value: |  5 | 14 | 15 | 11 |  6 |  8 |  4 | 13 |  0 |  0 |  0 |  0 |  0 |  0 |  0 |  0 |
----------
STEP 60:
IP= 0, IS= 5, R0= 4, R1= 0
address: |  0 |  1 |  2 |  3 |  4 |  5 |  6 |  7 |  8 |  9 | 10 | 11 | 12 | 13 | 14 | 15 |
  value: |  5 | 14 | 15 | 11 |  6 |  8 |  4 | 13 |  0 |  0 |  0 |  0 |  0 |  0 |  0 |  0 |
----------
STEP 61:
IP= 1, IS=14, R0= 3, R1= 0
address: |  0 |  1 |  2 |  3 |  4 |  5 |  6 |  7 |  8 |  9 | 10 | 11 | 12 | 13 | 14 | 15 |
  value: |  5 | 14 | 15 | 11 |  6 |  8 |  4 | 13 |  0 |  0 |  0 |  0 |  0 |  0 |  0 |  0 |
----------
STEP 62:
IP= 3, IS=11, R0= 3, R1= 0
address: |  0 |  1 |  2 |  3 |  4 |  5 |  6 |  7 |  8 |  9 | 10 | 11 | 12 | 13 | 14 | 15 |
  value: |  5 | 14 | 15 | 11 |  6 |  8 |  4 | 13 |  0 |  0 |  0 |  0 |  0 |  0 |  0 |  0 |
----------
STEP 63:
IP= 5, IS= 8, R0= 3, R1= 0
address: |  0 |  1 |  2 |  3 |  4 |  5 |  6 |  7 |  8 |  9 | 10 | 11 | 12 | 13 | 14 | 15 |
  value: |  5 | 14 | 15 | 11 |  6 |  8 |  3 | 13 |  0 |  0 |  0 |  0 |  0 |  0 |  0 |  0 |
----------
3
STEP 64:
IP= 7, IS=13, R0= 3, R1= 0
address: |  0 |  1 |  2 |  3 |  4 |  5 |  6 |  7 |  8 |  9 | 10 | 11 | 12 | 13 | 14 | 15 |
  value: |  5 | 14 | 15 | 11 |  6 |  8 |  3 | 13 |  0 |  0 |  0 |  0 |  0 |  0 |  0 |  0 |
----------
STEP 65:
IP= 0, IS= 5, R0= 3, R1= 0
address: |  0 |  1 |  2 |  3 |  4 |  5 |  6 |  7 |  8 |  9 | 10 | 11 | 12 | 13 | 14 | 15 |
  value: |  5 | 14 | 15 | 11 |  6 |  8 |  3 | 13 |  0 |  0 |  0 |  0 |  0 |  0 |  0 |  0 |
----------
STEP 66:
IP= 1, IS=14, R0= 2, R1= 0
address: |  0 |  1 |  2 |  3 |  4 |  5 |  6 |  7 |  8 |  9 | 10 | 11 | 12 | 13 | 14 | 15 |
  value: |  5 | 14 | 15 | 11 |  6 |  8 |  3 | 13 |  0 |  0 |  0 |  0 |  0 |  0 |  0 |  0 |
----------
STEP 67:
IP= 3, IS=11, R0= 2, R1= 0
address: |  0 |  1 |  2 |  3 |  4 |  5 |  6 |  7 |  8 |  9 | 10 | 11 | 12 | 13 | 14 | 15 |
  value: |  5 | 14 | 15 | 11 |  6 |  8 |  3 | 13 |  0 |  0 |  0 |  0 |  0 |  0 |  0 |  0 |
----------
STEP 68:
IP= 5, IS= 8, R0= 2, R1= 0
address: |  0 |  1 |  2 |  3 |  4 |  5 |  6 |  7 |  8 |  9 | 10 | 11 | 12 | 13 | 14 | 15 |
  value: |  5 | 14 | 15 | 11 |  6 |  8 |  2 | 13 |  0 |  0 |  0 |  0 |  0 |  0 |  0 |  0 |
----------
2
STEP 69:
IP= 7, IS=13, R0= 2, R1= 0
address: |  0 |  1 |  2 |  3 |  4 |  5 |  6 |  7 |  8 |  9 | 10 | 11 | 12 | 13 | 14 | 15 |
  value: |  5 | 14 | 15 | 11 |  6 |  8 |  2 | 13 |  0 |  0 |  0 |  0 |  0 |  0 |  0 |  0 |
----------
STEP 70:
IP= 0, IS= 5, R0= 2, R1= 0
address: |  0 |  1 |  2 |  3 |  4 |  5 |  6 |  7 |  8 |  9 | 10 | 11 | 12 | 13 | 14 | 15 |
  value: |  5 | 14 | 15 | 11 |  6 |  8 |  2 | 13 |  0 |  0 |  0 |  0 |  0 |  0 |  0 |  0 |
----------
STEP 71:
IP= 1, IS=14, R0= 1, R1= 0
address: |  0 |  1 |  2 |  3 |  4 |  5 |  6 |  7 |  8 |  9 | 10 | 11 | 12 | 13 | 14 | 15 |
  value: |  5 | 14 | 15 | 11 |  6 |  8 |  2 | 13 |  0 |  0 |  0 |  0 |  0 |  0 |  0 |  0 |
----------
STEP 72:
IP= 3, IS=11, R0= 1, R1= 0
address: |  0 |  1 |  2 |  3 |  4 |  5 |  6 |  7 |  8 |  9 | 10 | 11 | 12 | 13 | 14 | 15 |
  value: |  5 | 14 | 15 | 11 |  6 |  8 |  2 | 13 |  0 |  0 |  0 |  0 |  0 |  0 |  0 |  0 |
----------
STEP 73:
IP= 5, IS= 8, R0= 1, R1= 0
address: |  0 |  1 |  2 |  3 |  4 |  5 |  6 |  7 |  8 |  9 | 10 | 11 | 12 | 13 | 14 | 15 |
  value: |  5 | 14 | 15 | 11 |  6 |  8 |  1 | 13 |  0 |  0 |  0 |  0 |  0 |  0 |  0 |  0 |
----------
1
STEP 74:
IP= 7, IS=13, R0= 1, R1= 0
address: |  0 |  1 |  2 |  3 |  4 |  5 |  6 |  7 |  8 |  9 | 10 | 11 | 12 | 13 | 14 | 15 |
  value: |  5 | 14 | 15 | 11 |  6 |  8 |  1 | 13 |  0 |  0 |  0 |  0 |  0 |  0 |  0 |  0 |
----------
STEP 75:
IP= 0, IS= 5, R0= 1, R1= 0
address: |  0 |  1 |  2 |  3 |  4 |  5 |  6 |  7 |  8 |  9 | 10 | 11 | 12 | 13 | 14 | 15 |
  value: |  5 | 14 | 15 | 11 |  6 |  8 |  1 | 13 |  0 |  0 |  0 |  0 |  0 |  0 |  0 |  0 |
----------
STEP 76:
IP= 1, IS=14, R0= 0, R1= 0
address: |  0 |  1 |  2 |  3 |  4 |  5 |  6 |  7 |  8 |  9 | 10 | 11 | 12 | 13 | 14 | 15 |
  value: |  5 | 14 | 15 | 11 |  6 |  8 |  1 | 13 |  0 |  0 |  0 |  0 |  0 |  0 |  0 |  0 |
----------
STEP 77:
IP=15, IS= 0, R0= 0, R1= 0
address: |  0 |  1 |  2 |  3 |  4 |  5 |  6 |  7 |  8 |  9 | 10 | 11 | 12 | 13 | 14 | 15 |
  value: |  5 | 14 | 15 | 11 |  6 |  8 |  1 | 13 |  0 |  0 |  0 |  0 |  0 |  0 |  0 |  0 |
----------
