STEP 0:
IP= 0, IS= 9, R0= 0, R1= 0
address: |  0 |  1 |  2 |  3 |  4 |  5 |  6 |  7 |  8 |  9 | 10 | 11 | 12 | 13 | 14 | 15 |
  value: |  9 | 14 |  3 | 11 | 14 | 13 | 13 |  0 |  0 |  0 |  0 |  0 |  0 |  8 |  4 |  0 |
----------
STEP 1:
IP= 2, IS= 3, R0= 4, R1= 0
address: |  0 |  1 |  2 |  3 |  4 |  5 |  6 |  7 |  8 |  9 | 10 | 11 | 12 | 13 | 14 | 15 |
  value: |  9 | 14 |  3 | 11 | 14 | 13 | 13 |  0 |  0 |  0 |  0 |  0 |  0 |  8 |  4 |  0 |
----------
STEP 2:
IP= 3, IS=11, R0= 5, R1= 0
address: |  0 |  1 |  2 |  3 |  4 |  5 |  6 |  7 |  8 |  9 | 10 | 11 | 12 | 13 | 14 | 15 |
  value: |  9 | 14 |  3 | 11 | 14 | 13 | 13 |  0 |  0 |  0 |  0 |  0 |  0 |  8 |  4 |  0 |
----------
STEP 3:
IP= 5, IS=13, R0= 5, R1= 0
address: |  0 |  1 |  2 |  3 |  4 |  5 |  6 |  7 |  8 |  9 | 10 | 11 | 12 | 13 | 14 | 15 |
  value: |  9 | 14 |  3 | 11 | 14 | 13 | 13 |  0 |  0 |  0 |  0 |  0 |  0 |  8 |  5 |  0 |
----------
STEP 4:
IP=13, IS= 8, R0= 5, R1= 0
address: |  0 |  1 |  2 |  3 |  4 |  5 |  6 |  7 |  8 |  9 | 10 | 11 | 12 | 13 | 14 | 15 |
  value: |  9 | 14 |  3 | 11 | 14 | 13 | 13 |  0 |  0 |  0 |  0 |  0 |  0 |  8 |  5 |  0 |
----------
5
STEP 5:
IP=15, IS= 0, R0= 5, R1= 0
address: |  0 |  1 |  2 |  3 |  4 |  5 |  6 |  7 |  8 |  9 | 10 | 11 | 12 | 13 | 14 | 15 |
  value: |  9 | 14 |  3 | 11 | 14 | 13 | 13 |  0 |  0 |  0 |  0 |  0 |  0 |  8 |  5 |  0 |
----------
