STEP 0:
IP= 0, IS= 9, R0= 0, R1= 0
address: |  0 |  1 |  2 |  3 |  4 |  5 |  6 |  7 |  8 |  9 | 10 | 11 | 12 | 13 | 14 | 15 |
  value: |  9 | 15 | 14 | 12 | 11 |  7 |  8 |  0 |  5 | 13 |  2 |  0 |  0 |  0 |  0 | 12 |
----------
STEP 1:
IP= 2, IS=14, R0=12, R1= 0
address: |  0 |  1 |  2 |  3 |  4 |  5 |  6 |  7 |  8 |  9 | 10 | 11 | 12 | 13 | 14 | 15 |
  value: |  9 | 15 | 14 | 12 | 11 |  7 |  8 |  0 |  5 | 13 |  2 |  0 |  0 |  0 |  0 | 12 |
----------
STEP 2:
IP= 4, IS=11, R0=12, R1= 0
address: |  0 |  1 |  2 |  3 |  4 |  5 |  6 |  7 |  8 |  9 | 10 | 11 | 12 | 13 | 14 | 15 |
  value: |  9 | 15 | 14 | 12 | 11 |  7 |  8 |  0 |  5 | 13 |  2 |  0 |  0 |  0 |  0 | 12 |
----------
STEP 3:
IP= 6, IS= 8, R0=12, R1= 0
address: |  0 |  1 |  2 |  3 |  4 |  5 |  6 |  7 |  8 |  9 | 10 | 11 | 12 | 13 | 14 | 15 |
  value: |  9 | 15 | 14 | 12 | 11 |  7 |  8 | 12 |  5 | 13 |  2 |  0 |  0 |  0 |  0 | 12 |
----------
12
STEP 4:
IP= 8, IS= 5, R0=12, R1= 0
address: |  0 |  1 |  2 |  3 |  4 |  5 |  6 |  7 |  8 |  9 | 10 | 11 | 12 | 13 | 14 | 15 |
  value: |  9 | 15 | 14 | 12 | 11 |  7 |  8 | 12 |  5 | 13 |  2 |  0 |  0 |  0 |  0 | 12 |
----------
STEP 5:
IP= 9, IS=13, R0=11, R1= 0
address: |  0 |  1 |  2 |  3 |  4 |  5 |  6 |  7 |  8 |  9 | 10 | 11 | 12 | 13 | 14 | 15 |
  value: |  9 | 15 | 14 | 12 | 11 |  7 |  8 | 12 |  5 | 13 |  2 |  0 |  0 |  0 |  0 | 12 |
----------
STEP 6:
IP= 2, IS=14, R0=11, R1= 0
address: |  0 |  1 |  2 |  3 |  4 |  5 |  6 |  7 |  8 |  9 | 10 | 11 | 12 | 13 | 14 | 15 |
  value: |  9 | 15 | 14 | 12 | 11 |  7 |  8 | 12 |  5 | 13 |  2 |  0 |  0 |  0 |  0 | 12 |
----------
STEP 7:
IP= 4, IS=11, R0=11, R1= 0
address: |  0 |  1 |  2 |  3 |  4 |  5 |  6 |  7 |  8 |  9 | 10 | 11 | 12 | 13 | 14 | 15 |
  value: |  9 | 15 | 14 | 12 | 11 |  7 |  8 | 12 |  5 | 13 |  2 |  0 |  0 |  0 |  0 | 12 |
----------
STEP 8:
IP= 6, IS= 8, R0=11, R1= 0
address: |  0 |  1 |  2 |  3 |  4 |  5 |  6 |  7 |  8 |  9 | 10 | 11 | 12 | 13 | 14 | 15 |
  value: |  9 | 15 | 14 | 12 | 11 |  7 |  8 | 11 |  5 | 13 |  2 |  0 |  0 |  0 |  0 | 12 |
----------
11
STEP 9:
IP= 8, IS= 5, R0=11, R1= 0
address: |  0 |  1 |  2 |  3 |  4 |  5 |  6 |  7 |  8 |  9 | 10 | 11 | 12 | 13 | 14 | 15 |
  value: |  9 | 15 | 14 | 12 | 11 |  7 |  8 | 11 |  5 | 13 |  2 |  0 |  0 |  0 |  0 | 12 |
----------
STEP 10:
IP= 9, IS=13, R0=10, R1= 0
address: |  0 |  1 |  2 |  3 |  4 |  5 |  6 |  7 |  8 |  9 | 10 | 11 | 12 | 13 | 14 | 15 |
  value: |  9 | 15 | 14 | 12 | 11 |  7 |  8 | 11 |  5 | 13 |  2 |  0 |  0 |  0 |  0 | 12 |
----------
STEP 11:
IP= 2, IS=14, R0=10, R1= 0
address: |  0 |  1 |  2 |  3 |  4 |  5 |  6 |  7 |  8 |  9 | 10 | 11 | 12 | 13 | 14 | 15 |
  value: |  9 | 15 | 14 | 12 | 11 |  7 |  8 | 11 |  5 | 13 |  2 |  0 |  0 |  0 |  0 | 12 |
----------
STEP 12:
IP= 4, IS=11, R0=10, R1= 0
address: |  0 |  1 |  2 |  3 |  4 |  5 |  6 |  7 |  8 |  9 | 10 | 11 | 12 | 13 | 14 | 15 |
  value: |  9 | 15 | 14 | 12 | 11 |  7 |  8 | 11 |  5 | 13 |  2 |  0 |  0 |  0 |  0 | 12 |
----------
STEP 13:
IP= 6, IS= 8, R0=10, R1= 0
address: |  0 |  1 |  2 |  3 |  4 |  5 |  6 |  7 |  8 |  9 | 10 | 11 | 12 | 13 | 14 | 15 |
  value: |  9 | 15 | 14 | 12 | 11 |  7 |  8 | 10 |  5 | 13 |  2 |  0 |  0 |  0 |  0 | 12 |
----------
10
STEP 14:
IP= 8, IS= 5, R0=10, R1= 0
address: |  0 |  1 |  2 |  3 |  4 |  5 |  6 |  7 |  8 |  9 | 10 | 11 | 12 | 13 | 14 | 15 |
  value: |  9 | 15 | 14 | 12 | 11 |  7 |  8 | 10 |  5 | 13 |  2 |  0 |  0 |  0 |  0 | 12 |
----------
STEP 15:
IP= 9, IS=13, R0= 9, R1= 0
address: |  0 |  1 |  2 |  3 |  4 |  5 |  6 |  7 |  8 |  9 | 10 | 11 | 12 | 13 | 14 | 15 |
  value: |  9 | 15 | 14 | 12 | 11 |  7 |  8 | 10 |  5 | 13 |  2 |  0 |  0 |  0 |  0 | 12 |
----------
STEP 16:
IP= 2, IS=14, R0= 9, R1= 0
address: |  0 |  1 |  2 |  3 |  4 |  5 |  6 |  7 |  8 |  9 | 10 | 11 | 12 | 13 | 14 | 15 |
  value: |  9 | 15 | 14 | 12 | 11 |  7 |  8 | 10 |  5 | 13 |  2 |  0 |  0 |  0 |  0 | 12 |
----------
STEP 17:
IP= 4, IS=11, R0= 9, R1= 0
address: |  0 |  1 |  2 |  3 |  4 |  5 |  6 |  7 |  8 |  9 | 10 | 11 | 12 | 13 | 14 | 15 |
  value: |  9 | 15 | 14 | 12 | 11 |  7 |  8 | 10 |  5 | 13 |  2 |  0 |  0 |  0 |  0 | 12 |
----------
STEP 18:
IP= 6, IS= 8, R0= 9, R1= 0
address: |  0 |  1 |  2 |  3 |  4 |  5 |  6 |  7 |  8 |  9 | 10 | 11 | 12 | 13 | 14 | 15 |
  value: |  9 | 15 | 14 | 12 | 11 |  7 |  8 |  9 |  5 | 13 |  2 |  0 |  0 |  0 |  0 | 12 |
----------
9
STEP 19:
IP= 8, IS= 5, R0= 9, R1= 0
address: |  0 |  1 |  2 |  3 |  4 |  5 |  6 |  7 |  8 |  9 | 10 | 11 | 12 | 13 | 14 | 15 |
  value: |  9 | 15 | 14 | 12 | 11 |  7 |  8 |  9 |  5 | 13 |  2 |  0 |  0 |  0 |  0 | 12 |
----------
STEP 20:
IP= 9, IS=13, R0= 8, R1= 0
address: |  0 |  1 |  2 |  3 |  4 |  5 |  6 |  7 |  8 |  9 | 10 | 11 | 12 | 13 | 14 | 15 |
  value: |  9 | 15 | 14 | 12 | 11 |  7 |  8 |  9 |  5 | 13 |  2 |  0 |  0 |  0 |  0 | 12 |
----------
STEP 21:
IP= 2, IS=14, R0= 8, R1= 0
address: |  0 |  1 |  2 |  3 |  4 |  5 |  6 |  7 |  8 |  9 | 10 | 11 | 12 | 13 | 14 | 15 |
  value: |  9 | 15 | 14 | 12 | 11 |  7 |  8 |  9 |  5 | 13 |  2 |  0 |  0 |  0 |  0 | 12 |
----------
STEP 22:
IP= 4, IS=11, R0= 8, R1= 0
address: |  0 |  1 |  2 |  3 |  4 |  5 |  6 |  7 |  8 |  9 | 10 | 11 | 12 | 13 | 14 | 15 |
  value: |  9 | 15 | 14 | 12 | 11 |  7 |  8 |  9 |  5 | 13 |  2 |  0 |  0 |  0 |  0 | 12 |
----------
STEP 23:
IP= 6, IS= 8, R0= 8, R1= 0
address: |  0 |  1 |  2 |  3 |  4 |  5 |  6 |  7 |  8 |  9 | 10 | 11 | 12 | 13 | 14 | 15 |
  value: |  9 | 15 | 14 | 12 | 11 |  7 |  8 |  8 |  5 | 13 |  2 |  0 |  0 |  0 |  0 | 12 |
----------
8
STEP 24:
IP= 8, IS= 5, R0= 8, R1= 0
address: |  0 |  1 |  2 |  3 |  4 |  5 |  6 |  7 |  8 |  9 | 10 | 11 | 12 | 13 | 14 | 15 |
  value: |  9 | 15 | 14 | 12 | 11 |  7 |  8 |  8 |  5 | 13 |  2 |  0 |  0 |  0 |  0 | 12 |
----------
STEP 25:
IP= 9, IS=13, R0= 7, R1= 0
address: |  0 |  1 |  2 |  3 |  4 |  5 |  6 |  7 |  8 |  9 | 10 | 11 | 12 | 13 | 14 | 15 |
  value: |  9 | 15 | 14 | 12 | 11 |  7 |  8 |  8 |  5 | 13 |  2 |  0 |  0 |  0 |  0 | 12 |
----------
STEP 26:
IP= 2, IS=14, R0= 7, R1= 0
address: |  0 |  1 |  2 |  3 |  4 |  5 |  6 |  7 |  8 |  9 | 10 | 11 | 12 | 13 | 14 | 15 |
  value: |  9 | 15 | 14 | 12 | 11 |  7 |  8 |  8 |  5 | 13 |  2 |  0 |  0 |  0 |  0 | 12 |
----------
STEP 27:
IP= 4, IS=11, R0= 7, R1= 0
address: |  0 |  1 |  2 |  3 |  4 |  5 |  6 |  7 |  8 |  9 | 10 | 11 | 12 | 13 | 14 | 15 |
  value: |  9 | 15 | 14 | 12 | 11 |  7 |  8 |  8 |  5 | 13 |  2 |  0 |  0 |  0 |  0 | 12 |
----------
STEP 28:
IP= 6, IS= 8, R0= 7, R1= 0
address: |  0 |  1 |  2 |  3 |  4 |  5 |  6 |  7 |  8 |  9 | 10 | 11 | 12 | 13 | 14 | 15 |
  value: |  9 | 15 | 14 | 12 | 11 |  7 |  8 |  7 |  5 | 13 |  2 |  0 |  0 |  0 |  0 | 12 |
----------
7
STEP 29:
IP= 8, IS= 5, R0= 7, R1= 0
address: |  0 |  1 |  2 |  3 |  4 |  5 |  6 |  7 |  8 |  9 | 10 | 11 | 12 | 13 | 14 | 15 |
  value: |  9 | 15 | 14 | 12 | 11 |  7 |  8 |  7 |  5 | 13 |  2 |  0 |  0 |  0 |  0 | 12 |
----------
STEP 30:
IP= 9, IS=13, R0= 6, R1= 0
address: |  0 |  1 |  2 |  3 |  4 |  5 |  6 |  7 |  8 |  9 | 10 | 11 | 12 | 13 | 14 | 15 |
  value: |  9 | 15 | 14 | 12 | 11 |  7 |  8 |  7 |  5 | 13 |  2 |  0 |  0 |  0 |  0 | 12 |
----------
STEP 31:
IP= 2, IS=14, R0= 6, R1= 0
address: |  0 |  1 |  2 |  3 |  4 |  5 |  6 |  7 |  8 |  9 | 10 | 11 | 12 | 13 | 14 | 15 |
  value: |  9 | 15 | 14 | 12 | 11 |  7 |  8 |  7 |  5 | 13 |  2 |  0 |  0 |  0 |  0 | 12 |
----------
STEP 32:
IP= 4, IS=11, R0= 6, R1= 0
address: |  0 |  1 |  2 |  3 |  4 |  5 |  6 |  7 |  8 |  9 | 10 | 11 | 12 | 13 | 14 | 15 |
  value: |  9 | 15 | 14 | 12 | 11 |  7 |  8 |  7 |  5 | 13 |  2 |  0 |  0 |  0 |  0 | 12 |
----------
STEP 33:
IP= 6, IS= 8, R0= 6, R1= 0
address: |  0 |  1 |  2 |  3 |  4 |  5 |  6 |  7 |  8 |  9 | 10 | 11 | 12 | 13 | 14 | 15 |
  value: |  9 | 15 | 14 | 12 | 11 |  7 |  8 |  6 |  5 | 13 |  2 |  0 |  0 |  0 |  0 | 12 |
----------
6
STEP 34:
IP= 8, IS= 5, R0= 6, R1= 0
address: |  0 |  1 |  2 |  3 |  4 |  5 |  6 |  7 |  8 |  9 | 10 | 11 | 12 | 13 | 14 | 15 |
  value: |  9 | 15 | 14 | 12 | 11 |  7 |  8 |  6 |  5 | 13 |  2 |  0 |  0 |  0 |  0 | 12 |
----------
STEP 35:
IP= 9, IS=13, R0= 5, R1= 0
address: |  0 |  1 |  2 |  3 |  4 |  5 |  6 |  7 |  8 |  9 | 10 | 11 | 12 | 13 | 14 | 15 |
  value: |  9 | 15 | 14 | 12 | 11 |  7 |  8 |  6 |  5 | 13 |  2 |  0 |  0 |  0 |  0 | 12 |
----------
STEP 36:
IP= 2, IS=14, R0= 5, R1= 0
address: |  0 |  1 |  2 |  3 |  4 |  5 |  6 |  7 |  8 |  9 | 10 | 11 | 12 | 13 | 14 | 15 |
  value: |  9 | 15 | 14 | 12 | 11 |  7 |  8 |  6 |  5 | 13 |  2 |  0 |  0 |  0 |  0 | 12 |
----------
STEP 37:
IP= 4, IS=11, R0= 5, R1= 0
address: |  0 |  1 |  2 |  3 |  4 |  5 |  6 |  7 |  8 |  9 | 10 | 11 | 12 | 13 | 14 | 15 |
  value: |  9 | 15 | 14 | 12 | 11 |  7 |  8 |  6 |  5 | 13 |  2 |  0 |  0 |  0 |  0 | 12 |
----------
STEP 38:
IP= 6, IS= 8, R0= 5, R1= 0
address: |  0 |  1 |  2 |  3 |  4 |  5 |  6 |  7 |  8 |  9 | 10 | 11 | 12 | 13 | 14 | 15 |
  value: |  9 | 15 | 14 | 12 | 11 |  7 |  8 |  5 |  5 | 13 |  2 |  0 |  0 |  0 |  0 | 12 |
----------
5
STEP 39:
IP= 8, IS= 5, R0= 5, R1= 0
address: |  0 |  1 |  2 |  3 |  4 |  5 |  6 |  7 |  8 |  9 | 10 | 11 | 12 | 13 | 14 | 15 |
  value: |  9 | 15 | 14 | 12 | 11 |  7 |  8 |  5 |  5 | 13 |  2 |  0 |  0 |  0 |  0 | 12 |
----------
STEP 40:
IP= 9, IS=13, R0= 4, R1= 0
address: |  0 |  1 |  2 |  3 |  4 |  5 |  6 |  7 |  8 |  9 | 10 | 11 | 12 | 13 | 14 | 15 |
  value: |  9 | 15 | 14 | 12 | 11 |  7 |  8 |  5 |  5 | 13 |  2 |  0 |  0 |  0 |  0 | 12 |
----------
STEP 41:
IP= 2, IS=14, R0= 4, R1= 0
address: |  0 |  1 |  2 |  3 |  4 |  5 |  6 |  7 |  8 |  9 | 10 | 11 | 12 | 13 | 14 | 15 |
  value: |  9 | 15 | 14 | 12 | 11 |  7 |  8 |  5 |  5 | 13 |  2 |  0 |  0 |  0 |  0 | 12 |
----------
STEP 42:
IP= 4, IS=11, R0= 4, R1= 0
address: |  0 |  1 |  2 |  3 |  4 |  5 |  6 |  7 |  8 |  9 | 10 | 11 | 12 | 13 | 14 | 15 |
  value: |  9 | 15 | 14 | 12 | 11 |  7 |  8 |  5 |  5 | 13 |  2 |  0 |  0 |  0 |  0 | 12 |
----------
STEP 43:
IP= 6, IS= 8, R0= 4, R1= 0
address: |  0 |  1 |  2 |  3 |  4 |  5 |  6 |  7 |  8 |  9 | 10 | 11 | 12 | 13 | 14 | 15 |
  value: |  9 | 15 | 14 | 12 | 11 |  7 |  8 |  4 |  5 | 13 |  2 |  0 |  0 |  0 |  0 | 12 |
----------
4
STEP 44:
IP= 8, IS= 5, R0= 4, R1= 0
address: |  0 |  1 |  2 |  3 |  4 |  5 |  6 |  7 |  8 |  9 | 10 | 11 | 12 | 13 | 14 | 15 |
  value: |  9 | 15 | 14 | 12 | 11 |  7 |  8 |  4 |  5 | 13 |  2 |  0 |  0 |  0 |  0 | 12 |
----------
STEP 45:
IP= 9, IS=13, R0= 3, R1= 0
address: |  0 |  1 |  2 |  3 |  4 |  5 |  6 |  7 |  8 |  9 | 10 | 11 | 12 | 13 | 14 | 15 |
  value: |  9 | 15 | 14 | 12 | 11 |  7 |  8 |  4 |  5 | 13 |  2 |  0 |  0 |  0 |  0 | 12 |
----------
STEP 46:
IP= 2, IS=14, R0= 3, R1= 0
address: |  0 |  1 |  2 |  3 |  4 |  5 |  6 |  7 |  8 |  9 | 10 | 11 | 12 | 13 | 14 | 15 |
  value: |  9 | 15 | 14 | 12 | 11 |  7 |  8 |  4 |  5 | 13 |  2 |  0 |  0 |  0 |  0 | 12 |
----------
STEP 47:
IP= 4, IS=11, R0= 3, R1= 0
address: |  0 |  1 |  2 |  3 |  4 |  5 |  6 |  7 |  8 |  9 | 10 | 11 | 12 | 13 | 14 | 15 |
  value: |  9 | 15 | 14 | 12 | 11 |  7 |  8 |  4 |  5 | 13 |  2 |  0 |  0 |  0 |  0 | 12 |
----------
STEP 48:
IP= 6, IS= 8, R0= 3, R1= 0
address: |  0 |  1 |  2 |  3 |  4 |  5 |  6 |  7 |  8 |  9 | 10 | 11 | 12 | 13 | 14 | 15 |
  value: |  9 | 15 | 14 | 12 | 11 |  7 |  8 |  3 |  5 | 13 |  2 |  0 |  0 |  0 |  0 | 12 |
----------
3
STEP 49:
IP= 8, IS= 5, R0= 3, R1= 0
address: |  0 |  1 |  2 |  3 |  4 |  5 |  6 |  7 |  8 |  9 | 10 | 11 | 12 | 13 | 14 | 15 |
  value: |  9 | 15 | 14 | 12 | 11 |  7 |  8 |  3 |  5 | 13 |  2 |  0 |  0 |  0 |  0 | 12 |
----------
STEP 50:
IP= 9, IS=13, R0= 2, R1= 0
address: |  0 |  1 |  2 |  3 |  4 |  5 |  6 |  7 |  8 |  9 | 10 | 11 | 12 | 13 | 14 | 15 |
  value: |  9 | 15 | 14 | 12 | 11 |  7 |  8 |  3 |  5 | 13 |  2 |  0 |  0 |  0 |  0 | 12 |
----------
STEP 51:
IP= 2, IS=14, R0= 2, R1= 0
address: |  0 |  1 |  2 |  3 |  4 |  5 |  6 |  7 |  8 |  9 | 10 | 11 | 12 | 13 | 14 | 15 |
  value: |  9 | 15 | 14 | 12 | 11 |  7 |  8 |  3 |  5 | 13 |  2 |  0 |  0 |  0 |  0 | 12 |
----------
STEP 52:
IP= 4, IS=11, R0= 2, R1= 0
address: |  0 |  1 |  2 |  3 |  4 |  5 |  6 |  7 |  8 |  9 | 10 | 11 | 12 | 13 | 14 | 15 |
  value: |  9 | 15 | 14 | 12 | 11 |  7 |  8 |  3 |  5 | 13 |  2 |  0 |  0 |  0 |  0 | 12 |
----------
STEP 53:
IP= 6, IS= 8, R0= 2, R1= 0
address: |  0 |  1 |  2 |  3 |  4 |  5 |  6 |  7 |  8 |  9 | 10 | 11 | 12 | 13 | 14 | 15 |
  value: |  9 | 15 | 14 | 12 | 11 |  7 |  8 |  2 |  5 | 13 |  2 |  0 |  0 |  0 |  0 | 12 |
----------
2
STEP 54:
IP= 8, IS= 5, R0= 2, R1= 0
address: |  0 |  1 |  2 |  3 |  4 |  5 |  6 |  7 |  8 |  9 | 10 | 11 | 12 | 13 | 14 | 15 |
  value: |  9 | 15 | 14 | 12 | 11 |  7 |  8 |  2 |  5 | 13 |  2 |  0 |  0 |  0 |  0 | 12 |
----------
STEP 55:
IP= 9, IS=13, R0= 1, R1= 0
address: |  0 |  1 |  2 |  3 |  4 |  5 |  6 |  7 |  8 |  9 | 10 | 11 | 12 | 13 | 14 | 15 |
  value: |  9 | 15 | 14 | 12 | 11 |  7 |  8 |  2 |  5 | 13 |  2 |  0 |  0 |  0 |  0 | 12 |
----------
STEP 56:
IP= 2, IS=14, R0= 1, R1= 0
address: |  0 |  1 |  2 |  3 |  4 |  5 |  6 |  7 |  8 |  9 | 10 | 11 | 12 | 13 | 14 | 15 |
  value: |  9 | 15 | 14 | 12 | 11 |  7 |  8 |  2 |  5 | 13 |  2 |  0 |  0 |  0 |  0 | 12 |
----------
STEP 57:
IP= 4, IS=11, R0= 1, R1= 0
address: |  0 |  1 |  2 |  3 |  4 |  5 |  6 |  7 |  8 |  9 | 10 | 11 | 12 | 13 | 14 | 15 |
  value: |  9 | 15 | 14 | 12 | 11 |  7 |  8 |  2 |  5 | 13 |  2 |  0 |  0 |  0 |  0 | 12 |
----------
STEP 58:
IP= 6, IS= 8, R0= 1, R1= 0
address: |  0 |  1 |  2 |  3 |  4 |  5 |  6 |  7 |  8 |  9 | 10 | 11 | 12 | 13 | 14 | 15 |
  value: |  9 | 15 | 14 | 12 | 11 |  7 |  8 |  1 |  5 | 13 |  2 |  0 |  0 |  0 |  0 | 12 |
----------
1
STEP 59:
IP= 8, IS= 5, R0= 1, R1= 0
address: |  0 |  1 |  2 |  3 |  4 |  5 |  6 |  7 |  8 |  9 | 10 | 11 | 12 | 13 | 14 | 15 |
  value: |  9 | 15 | 14 | 12 | 11 |  7 |  8 |  1 |  5 | 13 |  2 |  0 |  0 |  0 |  0 | 12 |
----------
STEP 60:
IP= 9, IS=13, R0= 0, R1= 0
address: |  0 |  1 |  2 |  3 |  4 |  5 |  6 |  7 |  8 |  9 | 10 | 11 | 12 | 13 | 14 | 15 |
  value: |  9 | 15 | 14 | 12 | 11 |  7 |  8 |  1 |  5 | 13 |  2 |  0 |  0 |  0 |  0 | 12 |
----------
STEP 61:
IP= 2, IS=14, R0= 0, R1= 0
address: |  0 |  1 |  2 |  3 |  4 |  5 |  6 |  7 |  8 |  9 | 10 | 11 | 12 | 13 | 14 | 15 |
  value: |  9 | 15 | 14 | 12 | 11 |  7 |  8 |  1 |  5 | 13 |  2 |  0 |  0 |  0 |  0 | 12 |
----------
STEP 62:
IP=12, IS= 0, R0= 0, R1= 0
address: |  0 |  1 |  2 |  3 |  4 |  5 |  6 |  7 |  8 |  9 | 10 | 11 | 12 | 13 | 14 | 15 |
  value: |  9 | 15 | 14 | 12 | 11 |  7 |  8 |  1 |  5 | 13 |  2 |  0 |  0 |  0 |  0 | 12 |
----------
