STEP 0:
IP= 0, IS= 5, R0= 0, R1= 0
address: |  0 |  1 |  2 |  3 |  4 |  5 |  6 |  7 |  8 |  9 | 10 | 11 | 12 | 13 | 14 | 15 |
  value: |  5 | 15 | 15 |  0 |  0 |  0 |  0 |  0 |  0 |  0 |  0 |  0 |  0 |  0 |  0 |  6 |
----------
STEP 1:
IP= 1, IS=15, R0=15, R1= 0
address: |  0 |  1 |  2 |  3 |  4 |  5 |  6 |  7 |  8 |  9 | 10 | 11 | 12 | 13 | 14 | 15 |
  value: |  5 | 15 | 15 |  0 |  0 |  0 |  0 |  0 |  0 |  0 |  0 |  0 |  0 |  0 |  0 |  6 |
----------
STEP 2:
IP=15, IS= 6, R0=15, R1= 0
address: |  0 |  1 |  2 |  3 |  4 |  5 |  6 |  7 |  8 |  9 | 10 | 11 | 12 | 13 | 14 | 15 |
  value: |  5 | 15 | 15 |  0 |  0 |  0 |  0 |  0 |  0 |  0 |  0 |  0 |  0 |  0 |  0 |  6 |
----------
STEP 3:
IP= 0, IS= 5, R0=15, R1=15
address: |  0 |  1 |  2 |  3 |  4 |  5 |  6 |  7 |  8 |  9 | 10 | 11 | 12 | 13 | 14 | 15 |
  value: |  5 | 15 | 15 |  0 |  0 |  0 |  0 |  0 |  0 |  0 |  0 |  0 |  0 |  0 |  0 |  6 |
----------
STEP 4:
IP= 1, IS=15, R0=14, R1=15
address: |  0 |  1 |  2 |  3 |  4 |  5 |  6 |  7 |  8 |  9 | 10 | 11 | 12 | 13 | 14 | 15 |
  value: |  5 | 15 | 15 |  0 |  0 |  0 |  0 |  0 |  0 |  0 |  0 |  0 |  0 |  0 |  0 |  6 |
----------
STEP 5:
IP=15, IS= 6, R0=14, R1=15
address: |  0 |  1 |  2 |  3 |  4 |  5 |  6 |  7 |  8 |  9 | 10 | 11 | 12 | 13 | 14 | 15 |
  value: |  5 | 15 | 15 |  0 |  0 |  0 |  0 |  0 |  0 |  0 |  0 |  0 |  0 |  0 |  0 |  6 |
----------
STEP 6:
IP= 0, IS= 5, R0=14, R1=14
address: |  0 |  1 |  2 |  3 |  4 |  5 |  6 |  7 |  8 |  9 | 10 | 11 | 12 | 13 | 14 | 15 |
  value: |  5 | 15 | 15 |  0 |  0 |  0 |  0 |  0 |  0 |  0 |  0 |  0 |  0 |  0 |  0 |  6 |
----------
STEP 7:
IP= 1, IS=15, R0=13, R1=14
address: |  0 |  1 |  2 |  3 |  4 |  5 |  6 |  7 |  8 |  9 | 10 | 11 | 12 | 13 | 14 | 15 |
  value: |  5 | 15 | 15 |  0 |  0 |  0 |  0 |  0 |  0 |  0 |  0 |  0 |  0 |  0 |  0 |  6 |
----------
STEP 8:
IP=15, IS= 6, R0=13, R1=14
address: |  0 |  1 |  2 |  3 |  4 |  5 |  6 |  7 |  8 |  9 | 10 | 11 | 12 | 13 | 14 | 15 |
  value: |  5 | 15 | 15 |  0 |  0 |  0 |  0 |  0 |  0 |  0 |  0 |  0 |  0 |  0 |  0 |  6 |
----------
STEP 9:
IP= 0, IS= 5, R0=13, R1=13
address: |  0 |  1 |  2 |  3 |  4 |  5 |  6 |  7 |  8 |  9 | 10 | 11 | 12 | 13 | 14 | 15 |
  value: |  5 | 15 | 15 |  0 |  0 |  0 |  0 |  0 |  0 |  0 |  0 |  0 |  0 |  0 |  0 |  6 |
----------
STEP 10:
IP= 1, IS=15, R0=12, R1=13
address: |  0 |  1 |  2 |  3 |  4 |  5 |  6 |  7 |  8 |  9 | 10 | 11 | 12 | 13 | 14 | 15 |
  value: |  5 | 15 | 15 |  0 |  0 |  0 |  0 |  0 |  0 |  0 |  0 |  0 |  0 |  0 |  0 |  6 |
----------
STEP 11:
IP=15, IS= 6, R0=12, R1=13
address: |  0 |  1 |  2 |  3 |  4 |  5 |  6 |  7 |  8 |  9 | 10 | 11 | 12 | 13 | 14 | 15 |
  value: |  5 | 15 | 15 |  0 |  0 |  0 |  0 |  0 |  0 |  0 |  0 |  0 |  0 |  0 |  0 |  6 |
----------
STEP 12:
IP= 0, IS= 5, R0=12, R1=12
address: |  0 |  1 |  2 |  3 |  4 |  5 |  6 |  7 |  8 |  9 | 10 | 11 | 12 | 13 | 14 | 15 |
  value: |  5 | 15 | 15 |  0 |  0 |  0 |  0 |  0 |  0 |  0 |  0 |  0 |  0 |  0 |  0 |  6 |
----------
STEP 13:
IP= 1, IS=15, R0=11, R1=12
address: |  0 |  1 |  2 |  3 |  4 |  5 |  6 |  7 |  8 |  9 | 10 | 11 | 12 | 13 | 14 | 15 |
  value: |  5 | 15 | 15 |  0 |  0 |  0 |  0 |  0 |  0 |  0 |  0 |  0 |  0 |  0 |  0 |  6 |
----------
STEP 14:
IP=15, IS= 6, R0=11, R1=12
address: |  0 |  1 |  2 |  3 |  4 |  5 |  6 |  7 |  8 |  9 | 10 | 11 | 12 | 13 | 14 | 15 |
  value: |  5 | 15 | 15 |  0 |  0 |  0 |  0 |  0 |  0 |  0 |  0 |  0 |  0 |  0 |  0 |  6 |
----------
STEP 15:
IP= 0, IS= 5, R0=11, R1=11
address: |  0 |  1 |  2 |  3 |  4 |  5 |  6 |  7 |  8 |  9 | 10 | 11 | 12 | 13 | 14 | 15 |
  value: |  5 | 15 | 15 |  0 |  0 |  0 |  0 |  0 |  0 |  0 |  0 |  0 |  0 |  0 |  0 |  6 |
----------
STEP 16:
IP= 1, IS=15, R0=10, R1=11
address: |  0 |  1 |  2 |  3 |  4 |  5 |  6 |  7 |  8 |  9 | 10 | 11 | 12 | 13 | 14 | 15 |
  value: |  5 | 15 | 15 |  0 |  0 |  0 |  0 |  0 |  0 |  0 |  0 |  0 |  0 |  0 |  0 |  6 |
----------
STEP 17:
IP=15, IS= 6, R0=10, R1=11
address: |  0 |  1 |  2 |  3 |  4 |  5 |  6 |  7 |  8 |  9 | 10 | 11 | 12 | 13 | 14 | 15 |
  value: |  5 | 15 | 15 |  0 |  0 |  0 |  0 |  0 |  0 |  0 |  0 |  0 |  0 |  0 |  0 |  6 |
----------
STEP 18:
IP= 0, IS= 5, R0=10, R1=10
address: |  0 |  1 |  2 |  3 |  4 |  5 |  6 |  7 |  8 |  9 | 10 | 11 | 12 | 13 | 14 | 15 |
  value: |  5 | 15 | 15 |  0 |  0 |  0 |  0 |  0 |  0 |  0 |  0 |  0 |  0 |  0 |  0 |  6 |
----------
STEP 19:
IP= 1, IS=15, R0= 9, R1=10
address: |  0 |  1 |  2 |  3 |  4 |  5 |  6 |  7 |  8 |  9 | 10 | 11 | 12 | 13 | 14 | 15 |
  value: |  5 | 15 | 15 |  0 |  0 |  0 |  0 |  0 |  0 |  0 |  0 |  0 |  0 |  0 |  0 |  6 |
----------
STEP 20:
IP=15, IS= 6, R0= 9, R1=10
address: |  0 |  1 |  2 |  3 |  4 |  5 |  6 |  7 |  8 |  9 | 10 | 11 | 12 | 13 | 14 | 15 |
  value: |  5 | 15 | 15 |  0 |  0 |  0 |  0 |  0 |  0 |  0 |  0 |  0 |  0 |  0 |  0 |  6 |
----------
STEP 21:
IP= 0, IS= 5, R0= 9, R1= 9
address: |  0 |  1 |  2 |  3 |  4 |  5 |  6 |  7 |  8 |  9 | 10 | 11 | 12 | 13 | 14 | 15 |
  value: |  5 | 15 | 15 |  0 |  0 |  0 |  0 |  0 |  0 |  0 |  0 |  0 |  0 |  0 |  0 |  6 |
----------
STEP 22:
IP= 1, IS=15, R0= 8, R1= 9
address: |  0 |  1 |  2 |  3 |  4 |  5 |  6 |  7 |  8 |  9 | 10 | 11 | 12 | 13 | 14 | 15 |
  value: |  5 | 15 | 15 |  0 |  0 |  0 |  0 |  0 |  0 |  0 |  0 |  0 |  0 |  0 |  0 |  6 |
----------
STEP 23:
IP=15, IS= 6, R0= 8, R1= 9
address: |  0 |  1 |  2 |  3 |  4 |  5 |  6 |  7 |  8 |  9 | 10 | 11 | 12 | 13 | 14 | 15 |
  value: |  5 | 15 | 15 |  0 |  0 |  0 |  0 |  0 |  0 |  0 |  0 |  0 |  0 |  0 |  0 |  6 |
----------
STEP 24:
IP= 0, IS= 5, R0= 8, R1= 8
address: |  0 |  1 |  2 |  3 |  4 |  5 |  6 |  7 |  8 |  9 | 10 | 11 | 12 | 13 | 14 | 15 |
  value: |  5 | 15 | 15 |  0 |  0 |  0 |  0 |  0 |  0 |  0 |  0 |  0 |  0 |  0 |  0 |  6 |
----------
STEP 25:
IP= 1, IS=15, R0= 7, R1= 8
address: |  0 |  1 |  2 |  3 |  4 |  5 |  6 |  7 |  8 |  9 | 10 | 11 | 12 | 13 | 14 | 15 |
  value: |  5 | 15 | 15 |  0 |  0 |  0 |  0 |  0 |  0 |  0 |  0 |  0 |  0 |  0 |  0 |  6 |
----------
STEP 26:
IP=15, IS= 6, R0= 7, R1= 8
address: |  0 |  1 |  2 |  3 |  4 |  5 |  6 |  7 |  8 |  9 | 10 | 11 | 12 | 13 | 14 | 15 |
  value: |  5 | 15 | 15 |  0 |  0 |  0 |  0 |  0 |  0 |  0 |  0 |  0 |  0 |  0 |  0 |  6 |
----------
STEP 27:
IP= 0, IS= 5, R0= 7, R1= 7
address: |  0 |  1 |  2 |  3 |  4 |  5 |  6 |  7 |  8 |  9 | 10 | 11 | 12 | 13 | 14 | 15 |
  value: |  5 | 15 | 15 |  0 |  0 |  0 |  0 |  0 |  0 |  0 |  0 |  0 |  0 |  0 |  0 |  6 |
----------
STEP 28:
IP= 1, IS=15, R0= 6, R1= 7
address: |  0 |  1 |  2 |  3 |  4 |  5 |  6 |  7 |  8 |  9 | 10 | 11 | 12 | 13 | 14 | 15 |
  value: |  5 | 15 | 15 |  0 |  0 |  0 |  0 |  0 |  0 |  0 |  0 |  0 |  0 |  0 |  0 |  6 |
----------
STEP 29:
IP=15, IS= 6, R0= 6, R1= 7
address: |  0 |  1 |  2 |  3 |  4 |  5 |  6 |  7 |  8 |  9 | 10 | 11 | 12 | 13 | 14 | 15 |
  value: |  5 | 15 | 15 |  0 |  0 |  0 |  0 |  0 |  0 |  0 |  0 |  0 |  0 |  0 |  0 |  6 |
----------
STEP 30:
IP= 0, IS= 5, R0= 6, R1= 6
address: |  0 |  1 |  2 |  3 |  4 |  5 |  6 |  7 |  8 |  9 | 10 | 11 | 12 | 13 | 14 | 15 |
  value: |  5 | 15 | 15 |  0 |  0 |  0 |  0 |  0 |  0 |  0 |  0 |  0 |  0 |  0 |  0 |  6 |
----------
STEP 31:
IP= 1, IS=15, R0= 5, R1= 6
address: |  0 |  1 |  2 |  3 |  4 |  5 |  6 |  7 |  8 |  9 | 10 | 11 | 12 | 13 | 14 | 15 |
  value: |  5 | 15 | 15 |  0 |  0 |  0 |  0 |  0 |  0 |  0 |  0 |  0 |  0 |  0 |  0 |  6 |
----------
STEP 32:
IP=15, IS= 6, R0= 5, R1= 6
address: |  0 |  1 |  2 |  3 |  4 |  5 |  6 |  7 |  8 |  9 | 10 | 11 | 12 | 13 | 14 | 15 |
  value: |  5 | 15 | 15 |  0 |  0 |  0 |  0 |  0 |  0 |  0 |  0 |  0 |  0 |  0 |  0 |  6 |
----------
STEP 33:
IP= 0, IS= 5, R0= 5, R1= 5
address: |  0 |  1 |  2 |  3 |  4 |  5 |  6 |  7 |  8 |  9 | 10 | 11 | 12 | 13 | 14 | 15 |
  value: |  5 | 15 | 15 |  0 |  0 |  0 |  0 |  0 |  0 |  0 |  0 |  0 |  0 |  0 |  0 |  6 |
----------
STEP 34:
IP= 1, IS=15, R0= 4, R1= 5
address: |  0 |  1 |  2 |  3 |  4 |  5 |  6 |  7 |  8 |  9 | 10 | 11 | 12 | 13 | 14 | 15 |
  value: |  5 | 15 | 15 |  0 |  0 |  0 |  0 |  0 |  0 |  0 |  0 |  0 |  0 |  0 |  0 |  6 |
----------
STEP 35:
IP=15, IS= 6, R0= 4, R1= 5
address: |  0 |  1 |  2 |  3 |  4 |  5 |  6 |  7 |  8 |  9 | 10 | 11 | 12 | 13 | 14 | 15 |
  value: |  5 | 15 | 15 |  0 |  0 |  0 |  0 |  0 |  0 |  0 |  0 |  0 |  0 |  0 |  0 |  6 |
----------
STEP 36:
IP= 0, IS= 5, R0= 4, R1= 4
address: |  0 |  1 |  2 |  3 |  4 |  5 |  6 |  7 |  8 |  9 | 10 | 11 | 12 | 13 | 14 | 15 |
  value: |  5 | 15 | 15 |  0 |  0 |  0 |  0 |  0 |  0 |  0 |  0 |  0 |  0 |  0 |  0 |  6 |
----------
STEP 37:
IP= 1, IS=15, R0= 3, R1= 4
address: |  0 |  1 |  2 |  3 |  4 |  5 |  6 |  7 |  8 |  9 | 10 | 11 | 12 | 13 | 14 | 15 |
  value: |  5 | 15 | 15 |  0 |  0 |  0 |  0 |  0 |  0 |  0 |  0 |  0 |  0 |  0 |  0 |  6 |
----------
STEP 38:
IP=15, IS= 6, R0= 3, R1= 4
address: |  0 |  1 |  2 |  3 |  4 |  5 |  6 |  7 |  8 |  9 | 10 | 11 | 12 | 13 | 14 | 15 |
  value: |  5 | 15 | 15 |  0 |  0 |  0 |  0 |  0 |  0 |  0 |  0 |  0 |  0 |  0 |  0 |  6 |
----------
STEP 39:
IP= 0, IS= 5, R0= 3, R1= 3
address: |  0 |  1 |  2 |  3 |  4 |  5 |  6 |  7 |  8 |  9 | 10 | 11 | 12 | 13 | 14 | 15 |
  value: |  5 | 15 | 15 |  0 |  0 |  0 |  0 |  0 |  0 |  0 |  0 |  0 |  0 |  0 |  0 |  6 |
----------
STEP 40:
IP= 1, IS=15, R0= 2, R1= 3
address: |  0 |  1 |  2 |  3 |  4 |  5 |  6 |  7 |  8 |  9 | 10 | 11 | 12 | 13 | 14 | 15 |
  value: |  5 | 15 | 15 |  0 |  0 |  0 |  0 |  0 |  0 |  0 |  0 |  0 |  0 |  0 |  0 |  6 |
----------
STEP 41:
IP=15, IS= 6, R0= 2, R1= 3
address: |  0 |  1 |  2 |  3 |  4 |  5 |  6 |  7 |  8 |  9 | 10 | 11 | 12 | 13 | 14 | 15 |
  value: |  5 | 15 | 15 |  0 |  0 |  0 |  0 |  0 |  0 |  0 |  0 |  0 |  0 |  0 |  0 |  6 |
----------
STEP 42:
IP= 0, IS= 5, R0= 2, R1= 2
address: |  0 |  1 |  2 |  3 |  4 |  5 |  6 |  7 |  8 |  9 | 10 | 11 | 12 | 13 | 14 | 15 |
  value: |  5 | 15 | 15 |  0 |  0 |  0 |  0 |  0 |  0 |  0 |  0 |  0 |  0 |  0 |  0 |  6 |
----------
STEP 43:
IP= 1, IS=15, R0= 1, R1= 2
address: |  0 |  1 |  2 |  3 |  4 |  5 |  6 |  7 |  8 |  9 | 10 | 11 | 12 | 13 | 14 | 15 |
  value: |  5 | 15 | 15 |  0 |  0 |  0 |  0 |  0 |  0 |  0 |  0 |  0 |  0 |  0 |  0 |  6 |
----------
STEP 44:
IP=15, IS= 6, R0= 1, R1= 2
address: |  0 |  1 |  2 |  3 |  4 |  5 |  6 |  7 |  8 |  9 | 10 | 11 | 12 | 13 | 14 | 15 |
  value: |  5 | 15 | 15 |  0 |  0 |  0 |  0 |  0 |  0 |  0 |  0 |  0 |  0 |  0 |  0 |  6 |
----------
STEP 45:
IP= 0, IS= 5, R0= 1, R1= 1
address: |  0 |  1 |  2 |  3 |  4 |  5 |  6 |  7 |  8 |  9 | 10 | 11 | 12 | 13 | 14 | 15 |
  value: |  5 | 15 | 15 |  0 |  0 |  0 |  0 |  0 |  0 |  0 |  0 |  0 |  0 |  0 |  0 |  6 |
----------
STEP 46:
IP= 1, IS=15, R0= 0, R1= 1
address: |  0 |  1 |  2 |  3 |  4 |  5 |  6 |  7 |  8 |  9 | 10 | 11 | 12 | 13 | 14 | 15 |
  value: |  5 | 15 | 15 |  0 |  0 |  0 |  0 |  0 |  0 |  0 |  0 |  0 |  0 |  0 |  0 |  6 |
----------
STEP 47:
IP= 3, IS= 0, R0= 0, R1= 1
address: |  0 |  1 |  2 |  3 |  4 |  5 |  6 |  7 |  8 |  9 | 10 | 11 | 12 | 13 | 14 | 15 |
  value: |  5 | 15 | 15 |  0 |  0 |  0 |  0 |  0 |  0 |  0 |  0 |  0 |  0 |  0 |  0 |  6 |
----------
