STEP 0:
IP= 0, IS= 9, R0= 0, R1= 0
address: |  0 |  1 |  2 |  3 |  4 |  5 |  6 |  7 |  8 |  9 | 10 | 11 | 12 | 13 | 14 | 15 |
  value: |  9 | 15 | 11 | 13 |  9 | 14 | 11 | 15 |  9 | 13 | 11 | 14 |  0 |  0 |  6 |  7 |
----------
STEP 1:
IP= 2, IS=11, R0= 7, R1= 0
address: |  0 |  1 |  2 |  3 |  4 |  5 |  6 |  7 |  8 |  9 | 10 | 11 | 12 | 13 | 14 | 15 |
  value: |  9 | 15 | 11 | 13 |  9 | 14 | 11 | 15 |  9 | 13 | 11 | 14 |  0 |  0 |  6 |  7 |
----------
STEP 2:
IP= 4, IS= 9, R0= 7, R1= 0
address: |  0 |  1 |  2 |  3 |  4 |  5 |  6 |  7 |  8 |  9 | 10 | 11 | 12 | 13 | 14 | 15 |
  value: |  9 | 15 | 11 | 13 |  9 | 14 | 11 | 15 |  9 | 13 | 11 | 14 |  0 |  7 |  6 |  7 |
----------
STEP 3:
IP= 6, IS=11, R0= 6, R1= 0
address: |  0 |  1 |  2 |  3 |  4 |  5 |  6 |  7 |  8 |  9 | 10 | 11 | 12 | 13 | 14 | 15 |
  value: |  9 | 15 | 11 | 13 |  9 | 14 | 11 | 15 |  9 | 13 | 11 | 14 |  0 |  7 |  6 |  7 |
----------
STEP 4:
IP= 8, IS= 9, R0= 6, R1= 0
address: |  0 |  1 |  2 |  3 |  4 |  5 |  6 |  7 |  8 |  9 | 10 | 11 | 12 | 13 | 14 | 15 |
  value: |  9 | 15 | 11 | 13 |  9 | 14 | 11 | 15 |  9 | 13 | 11 | 14 |  0 |  7 |  6 |  6 |
----------
STEP 5:
IP=10, IS=11, R0= 7, R1= 0
address: |  0 |  1 |  2 |  3 |  4 |  5 |  6 |  7 |  8 |  9 | 10 | 11 | 12 | 13 | 14 | 15 |
  value: |  9 | 15 | 11 | 13 |  9 | 14 | 11 | 15 |  9 | 13 | 11 | 14 |  0 |  7 |  6 |  6 |
----------
STEP 6:
IP=12, IS= 0, R0= 7, R1= 0
address: |  0 |  1 |  2 |  3 |  4 |  5 |  6 |  7 |  8 |  9 | 10 | 11 | 12 | 13 | 14 | 15 |
  value: |  9 | 15 | 11 | 13 |  9 | 14 | 11 | 15 |  9 | 13 | 11 | 14 |  0 |  7 |  7 |  6 |
----------