STEP 0:
IP= 0, IS= 9, R0= 0, R1= 0
address: |  0 |  1 |  2 |  3 |  4 |  5 |  6 |  7 |  8 |  9 | 10 | 11 | 12 | 13 | 14 | 15 |
  value: |  9 | 15 | 10 | 14 |  1 | 10 | 13 |  2 | 15 | 11 |  7 |  0 |  0 | 15 |  7 |  8 |
----------
STEP 1:
IP= 2, IS=10, R0= 8, R1= 0
address: |  0 |  1 |  2 |  3 |  4 |  5 |  6 |  7 |  8 |  9 | 10 | 11 | 12 | 13 | 14 | 15 |
  value: |  9 | 15 | 10 | 14 |  1 | 10 | 13 |  2 | 15 | 11 |  7 |  0 |  0 | 15 |  7 |  8 |
----------
STEP 2:
IP= 4, IS= 1, R0= 8, R1= 7
address: |  0 |  1 |  2 |  3 |  4 |  5 |  6 |  7 |  8 |  9 | 10 | 11 | 12 | 13 | 14 | 15 |
  value: |  9 | 15 | 10 | 14 |  1 | 10 | 13 |  2 | 15 | 11 |  7 |  0 |  0 | 15 |  7 |  8 |
----------
STEP 3:
IP= 5, IS=10, R0=15, R1= 7
address: |  0 |  1 |  2 |  3 |  4 |  5 |  6 |  7 |  8 |  9 | 10 | 11 | 12 | 13 | 14 | 15 |
  value: |  9 | 15 | 10 | 14 |  1 | 10 | 13 |  2 | 15 | 11 |  7 |  0 |  0 | 15 |  7 |  8 |
----------
STEP 4:
IP= 7, IS= 2, R0=15, R1=15
address: |  0 |  1 |  2 |  3 |  4 |  5 |  6 |  7 |  8 |  9 | 10 | 11 | 12 | 13 | 14 | 15 |
  value: |  9 | 15 | 10 | 14 |  1 | 10 | 13 |  2 | 15 | 11 |  7 |  0 |  0 | 15 |  7 |  8 |
----------
STEP 5:
IP= 8, IS=15, R0= 0, R1=15
address: |  0 |  1 |  2 |  3 |  4 |  5 |  6 |  7 |  8 |  9 | 10 | 11 | 12 | 13 | 14 | 15 |
  value: |  9 | 15 | 10 | 14 |  1 | 10 | 13 |  2 | 15 | 11 |  7 |  0 |  0 | 15 |  7 |  8 |
----------
STEP 6:
IP=10, IS= 7, R0= 0, R1=15
address: |  0 |  1 |  2 |  3 |  4 |  5 |  6 |  7 |  8 |  9 | 10 | 11 | 12 | 13 | 14 | 15 |
  value: |  9 | 15 | 10 | 14 |  1 | 10 | 13 |  2 | 15 | 11 |  7 |  0 |  0 | 15 |  7 |  8 |
----------
STEP 7:
IP=11, IS= 0, R0= 0, R1=15
address: |  0 |  1 |  2 |  3 |  4 |  5 |  6 |  7 |  8 |  9 | 10 | 11 | 12 | 13 | 14 | 15 |
  value: |  9 | 15 | 10 | 14 |  1 | 10 | 13 |  2 | 15 | 11 |  7 |  0 |  0 | 15 |  7 |  8 |
----------
