STEP 0:
IP= 0, IS= 9, R0= 0, R1= 0
address: |  0 |  1 |  2 |  3 |  4 |  5 |  6 |  7 |  8 |  9 | 10 | 11 | 12 | 13 | 14 | 15 |
  value: |  9 |  0 | 11 |  5 |  8 |  0 |  5 | 14 |  1 | 13 |  2 |  0 |  0 |  0 |  0 |  0 |
----------
STEP 1:
IP= 2, IS=11, R0= 9, R1= 0
address: |  0 |  1 |  2 |  3 |  4 |  5 |  6 |  7 |  8 |  9 | 10 | 11 | 12 | 13 | 14 | 15 |
  value: |  9 |  0 | 11 |  5 |  8 |  0 |  5 | 14 |  1 | 13 |  2 |  0 |  0 |  0 |  0 |  0 |
----------
STEP 2:
IP= 4, IS= 8, R0= 9, R1= 0
address: |  0 |  1 |  2 |  3 |  4 |  5 |  6 |  7 |  8 |  9 | 10 | 11 | 12 | 13 | 14 | 15 |
  value: |  9 |  0 | 11 |  5 |  8 |  9 |  5 | 14 |  1 | 13 |  2 |  0 |  0 |  0 |  0 |  0 |
----------
9
STEP 3:
IP= 6, IS= 5, R0= 9, R1= 0
address: |  0 |  1 |  2 |  3 |  4 |  5 |  6 |  7 |  8 |  9 | 10 | 11 | 12 | 13 | 14 | 15 |
  value: |  9 |  0 | 11 |  5 |  8 |  9 |  5 | 14 |  1 | 13 |  2 |  0 |  0 |  0 |  0 |  0 |
----------
STEP 4:
IP= 7, IS=14, R0= 8, R1= 0
address: |  0 |  1 |  2 |  3 |  4 |  5 |  6 |  7 |  8 |  9 | 10 | 11 | 12 | 13 | 14 | 15 |
  value: |  9 |  0 | 11 |  5 |  8 |  9 |  5 | 14 |  1 | 13 |  2 |  0 |  0 |  0 |  0 |  0 |
----------
STEP 5:
IP= 9, IS=13, R0= 8, R1= 0
address: |  0 |  1 |  2 |  3 |  4 |  5 |  6 |  7 |  8 |  9 | 10 | 11 | 12 | 13 | 14 | 15 |
  value: |  9 |  0 | 11 |  5 |  8 |  9 |  5 | 14 |  1 | 13 |  2 |  0 |  0 |  0 |  0 |  0 |
----------
STEP 6:
IP= 2, IS=11, R0= 8, R1= 0
address: |  0 |  1 |  2 |  3 |  4 |  5 |  6 |  7 |  8 |  9 | 10 | 11 | 12 | 13 | 14 | 15 |
  value: |  9 |  0 | 11 |  5 |  8 |  9 |  5 | 14 |  1 | 13 |  2 |  0 |  0 |  0 |  0 |  0 |
----------
STEP 7:
IP= 4, IS= 8, R0= 8, R1= 0
address: |  0 |  1 |  2 |  3 |  4 |  5 |  6 |  7 |  8 |  9 | 10 | 11 | 12 | 13 | 14 | 15 |
  value: |  9 |  0 | 11 |  5 |  8 |  8 |  5 | 14 |  1 | 13 |  2 |  0 |  0 |  0 |  0 |  0 |
----------
8
STEP 8:
IP= 6, IS= 5, R0= 8, R1= 0
address: |  0 |  1 |  2 |  3 |  4 |  5 |  6 |  7 |  8 |  9 | 10 | 11 | 12 | 13 | 14 | 15 |
  value: |  9 |  0 | 11 |  5 |  8 |  8 |  5 | 14 |  1 | 13 |  2 |  0 |  0 |  0 |  0 |  0 |
----------
STEP 9:
IP= 7, IS=14, R0= 7, R1= 0
address: |  0 |  1 |  2 |  3 |  4 |  5 |  6 |  7 |  8 |  9 | 10 | 11 | 12 | 13 | 14 | 15 |
  value: |  9 |  0 | 11 |  5 |  8 |  8 |  5 | 14 |  1 | 13 |  2 |  0 |  0 |  0 |  0 |  0 |
----------
STEP 10:
IP= 9, IS=13, R0= 7, R1= 0
address: |  0 |  1 |  2 |  3 |  4 |  5 |  6 |  7 |  8 |  9 | 10 | 11 | 12 | 13 | 14 | 15 |
  value: |  9 |  0 | 11 |  5 |  8 |  8 |  5 | 14 |  1 | 13 |  2 |  0 |  0 |  0 |  0 |  0 |
----------
STEP 11:
IP= 2, IS=11, R0= 7, R1= 0
address: |  0 |  1 |  2 |  3 |  4 |  5 |  6 |  7 |  8 |  9 | 10 | 11 | 12 | 13 | 14 | 15 |
  value: |  9 |  0 | 11 |  5 |  8 |  8 |  5 | 14 |  1 | 13 |  2 |  0 |  0 |  0 |  0 |  0 |
----------
STEP 12:
IP= 4, IS= 8, R0= 7, R1= 0
address: |  0 |  1 |  2 |  3 |  4 |  5 |  6 |  7 |  8 |  9 | 10 | 11 | 12 | 13 | 14 | 15 |
  value: |  9 |  0 | 11 |  5 |  8 |  7 |  5 | 14 |  1 | 13 |  2 |  0 |  0 |  0 |  0 |  0 |
----------
7
STEP 13:
IP= 6, IS= 5, R0= 7, R1= 0
address: |  0 |  1 |  2 |  3 |  4 |  5 |  6 |  7 |  8 |  9 | 10 | 11 | 12 | 13 | 14 | 15 |
  value: |  9 |  0 | 11 |  5 |  8 |  7 |  5 | 14 |  1 | 13 |  2 |  0 |  0 |  0 |  0 |  0 |
----------
STEP 14:
IP= 7, IS=14, R0= 6, R1= 0
address: |  0 |  1 |  2 |  3 |  4 |  5 |  6 |  7 |  8 |  9 | 10 | 11 | 12 | 13 | 14 | 15 |
  value: |  9 |  0 | 11 |  5 |  8 |  7 |  5 | 14 |  1 | 13 |  2 |  0 |  0 |  0 |  0 |  0 |
----------
STEP 15:
IP= 9, IS=13, R0= 6, R1= 0
address: |  0 |  1 |  2 |  3 |  4 |  5 |  6 |  7 |  8 |  9 | 10 | 11 | 12 | 13 | 14 | 15 |
  value: |  9 |  0 | 11 |  5 |  8 |  7 |  5 | 14 |  1 | 13 |  2 |  0 |  0 |  0 |  0 |  0 |
----------
STEP 16:
IP= 2, IS=11, R0= 6, R1= 0
address: |  0 |  1 |  2 |  3 |  4 |  5 |  6 |  7 |  8 |  9 | 10 | 11 | 12 | 13 | 14 | 15 |
  value: |  9 |  0 | 11 |  5 |  8 |  7 |  5 | 14 |  1 | 13 |  2 |  0 |  0 |  0 |  0 |  0 |
----------
STEP 17:
IP= 4, IS= 8, R0= 6, R1= 0
address: |  0 |  1 |  2 |  3 |  4 |  5 |  6 |  7 |  8 |  9 | 10 | 11 | 12 | 13 | 14 | 15 |
  value: |  9 |  0 | 11 |  5 |  8 |  6 |  5 | 14 |  1 | 13 |  2 |  0 |  0 |  0 |  0 |  0 |
----------
6
STEP 18:
IP= 6, IS= 5, R0= 6, R1= 0
address: |  0 |  1 |  2 |  3 |  4 |  5 |  6 |  7 |  8 |  9 | 10 | 11 | 12 | 13 | 14 | 15 |
  value: |  9 |  0 | 11 |  5 |  8 |  6 |  5 | 14 |  1 | 13 |  2 |  0 |  0 |  0 |  0 |  0 |
----------
STEP 19:
IP= 7, IS=14, R0= 5, R1= 0
address: |  0 |  1 |  2 |  3 |  4 |  5 |  6 |  7 |  8 |  9 | 10 | 11 | 12 | 13 | 14 | 15 |
  value: |  9 |  0 | 11 |  5 |  8 |  6 |  5 | 14 |  1 | 13 |  2 |  0 |  0 |  0 |  0 |  0 |
----------
STEP 20:
IP= 9, IS=13, R0= 5, R1= 0
address: |  0 |  1 |  2 |  3 |  4 |  5 |  6 |  7 |  8 |  9 | 10 | 11 | 12 | 13 | 14 | 15 |
  value: |  9 |  0 | 11 |  5 |  8 |  6 |  5 | 14 |  1 | 13 |  2 |  0 |  0 |  0 |  0 |  0 |
----------
STEP 21:
IP= 2, IS=11, R0= 5, R1= 0
address: |  0 |  1 |  2 |  3 |  4 |  5 |  6 |  7 |  8 |  9 | 10 | 11 | 12 | 13 | 14 | 15 |
  value: |  9 |  0 | 11 |  5 |  8 |  6 |  5 | 14 |  1 | 13 |  2 |  0 |  0 |  0 |  0 |  0 |
----------
STEP 22:
IP= 4, IS= 8, R0= 5, R1= 0
address: |  0 |  1 |  2 |  3 |  4 |  5 |  6 |  7 |  8 |  9 | 10 | 11 | 12 | 13 | 14 | 15 |
  value: |  9 |  0 | 11 |  5 |  8 |  5 |  5 | 14 |  1 | 13 |  2 |  0 |  0 |  0 |  0 |  0 |
----------
5
STEP 23:
IP= 6, IS= 5, R0= 5, R1= 0
address: |  0 |  1 |  2 |  3 |  4 |  5 |  6 |  7 |  8 |  9 | 10 | 11 | 12 | 13 | 14 | 15 |
  value: |  9 |  0 | 11 |  5 |  8 |  5 |  5 | 14 |  1 | 13 |  2 |  0 |  0 |  0 |  0 |  0 |
----------
STEP 24:
IP= 7, IS=14, R0= 4, R1= 0
address: |  0 |  1 |  2 |  3 |  4 |  5 |  6 |  7 |  8 |  9 | 10 | 11 | 12 | 13 | 14 | 15 |
  value: |  9 |  0 | 11 |  5 |  8 |  5 |  5 | 14 |  1 | 13 |  2 |  0 |  0 |  0 |  0 |  0 |
----------
STEP 25:
IP= 9, IS=13, R0= 4, R1= 0
address: |  0 |  1 |  2 |  3 |  4 |  5 |  6 |  7 |  8 |  9 | 10 | 11 | 12 | 13 | 14 | 15 |
  value: |  9 |  0 | 11 |  5 |  8 |  5 |  5 | 14 |  1 | 13 |  2 |  0 |  0 |  0 |  0 |  0 |
----------
STEP 26:
IP= 2, IS=11, R0= 4, R1= 0
address: |  0 |  1 |  2 |  3 |  4 |  5 |  6 |  7 |  8 |  9 | 10 | 11 | 12 | 13 | 14 | 15 |
  value: |  9 |  0 | 11 |  5 |  8 |  5 |  5 | 14 |  1 | 13 |  2 |  0 |  0 |  0 |  0 |  0 |
----------
STEP 27:
IP= 4, IS= 8, R0= 4, R1= 0
address: |  0 |  1 |  2 |  3 |  4 |  5 |  6 |  7 |  8 |  9 | 10 | 11 | 12 | 13 | 14 | 15 |
  value: |  9 |  0 | 11 |  5 |  8 |  4 |  5 | 14 |  1 | 13 |  2 |  0 |  0 |  0 |  0 |  0 |
----------
4
STEP 28:
IP= 6, IS= 5, R0= 4, R1= 0
address: |  0 |  1 |  2 |  3 |  4 |  5 |  6 |  7 |  8 |  9 | 10 | 11 | 12 | 13 | 14 | 15 |
  value: |  9 |  0 | 11 |  5 |  8 |  4 |  5 | 14 |  1 | 13 |  2 |  0 |  0 |  0 |  0 |  0 |
----------
STEP 29:
IP= 7, IS=14, R0= 3, R1= 0
address: |  0 |  1 |  2 |  3 |  4 |  5 |  6 |  7 |  8 |  9 | 10 | 11 | 12 | 13 | 14 | 15 |
  value: |  9 |  0 | 11 |  5 |  8 |  4 |  5 | 14 |  1 | 13 |  2 |  0 |  0 |  0 |  0 |  0 |
----------
STEP 30:
IP= 9, IS=13, R0= 3, R1= 0
address: |  0 |  1 |  2 |  3 |  4 |  5 |  6 |  7 |  8 |  9 | 10 | 11 | 12 | 13 | 14 | 15 |
  value: |  9 |  0 | 11 |  5 |  8 |  4 |  5 | 14 |  1 | 13 |  2 |  0 |  0 |  0 |  0 |  0 |
----------
STEP 31:
IP= 2, IS=11, R0= 3, R1= 0
address: |  0 |  1 |  2 |  3 |  4 |  5 |  6 |  7 |  8 |  9 | 10 | 11 | 12 | 13 | 14 | 15 |
  value: |  9 |  0 | 11 |  5 |  8 |  4 |  5 | 14 |  1 | 13 |  2 |  0 |  0 |  0 |  0 |  0 |
----------
STEP 32:
IP= 4, IS= 8, R0= 3, R1= 0
address: |  0 |  1 |  2 |  3 |  4 |  5 |  6 |  7 |  8 |  9 | 10 | 11 | 12 | 13 | 14 | 15 |
  value: |  9 |  0 | 11 |  5 |  8 |  3 |  5 | 14 |  1 | 13 |  2 |  0 |  0 |  0 |  0 |  0 |
----------
3
STEP 33:
IP= 6, IS= 5, R0= 3, R1= 0
address: |  0 |  1 |  2 |  3 |  4 |  5 |  6 |  7 |  8 |  9 | 10 | 11 | 12 | 13 | 14 | 15 |
  value: |  9 |  0 | 11 |  5 |  8 |  3 |  5 | 14 |  1 | 13 |  2 |  0 |  0 |  0 |  0 |  0 |
----------
STEP 34:
IP= 7, IS=14, R0= 2, R1= 0
address: |  0 |  1 |  2 |  3 |  4 |  5 |  6 |  7 |  8 |  9 | 10 | 11 | 12 | 13 | 14 | 15 |
  value: |  9 |  0 | 11 |  5 |  8 |  3 |  5 | 14 |  1 | 13 |  2 |  0 |  0 |  0 |  0 |  0 |
----------
STEP 35:
IP= 9, IS=13, R0= 2, R1= 0
address: |  0 |  1 |  2 |  3 |  4 |  5 |  6 |  7 |  8 |  9 | 10 | 11 | 12 | 13 | 14 | 15 |
  value: |  9 |  0 | 11 |  5 |  8 |  3 |  5 | 14 |  1 | 13 |  2 |  0 |  0 |  0 |  0 |  0 |
----------
STEP 36:
IP= 2, IS=11, R0= 2, R1= 0
address: |  0 |  1 |  2 |  3 |  4 |  5 |  6 |  7 |  8 |  9 | 10 | 11 | 12 | 13 | 14 | 15 |
  value: |  9 |  0 | 11 |  5 |  8 |  3 |  5 | 14 |  1 | 13 |  2 |  0 |  0 |  0 |  0 |  0 |
----------
STEP 37:
IP= 4, IS= 8, R0= 2, R1= 0
address: |  0 |  1 |  2 |  3 |  4 |  5 |  6 |  7 |  8 |  9 | 10 | 11 | 12 | 13 | 14 | 15 |
  value: |  9 |  0 | 11 |  5 |  8 |  2 |  5 | 14 |  1 | 13 |  2 |  0 |  0 |  0 |  0 |  0 |
----------
2
STEP 38:
IP= 6, IS= 5, R0= 2, R1= 0
address: |  0 |  1 |  2 |  3 |  4 |  5 |  6 |  7 |  8 |  9 | 10 | 11 | 12 | 13 | 14 | 15 |
  value: |  9 |  0 | 11 |  5 |  8 |  2 |  5 | 14 |  1 | 13 |  2 |  0 |  0 |  0 |  0 |  0 |
----------
STEP 39:
IP= 7, IS=14, R0= 1, R1= 0
address: |  0 |  1 |  2 |  3 |  4 |  5 |  6 |  7 |  8 |  9 | 10 | 11 | 12 | 13 | 14 | 15 |
  value: |  9 |  0 | 11 |  5 |  8 |  2 |  5 | 14 |  1 | 13 |  2 |  0 |  0 |  0 |  0 |  0 |
----------
STEP 40:
IP= 9, IS=13, R0= 1, R1= 0
address: |  0 |  1 |  2 |  3 |  4 |  5 |  6 |  7 |  8 |  9 | 10 | 11 | 12 | 13 | 14 | 15 |
  value: |  9 |  0 | 11 |  5 |  8 |  2 |  5 | 14 |  1 | 13 |  2 |  0 |  0 |  0 |  0 |  0 |
----------
STEP 41:
IP= 2, IS=11, R0= 1, R1= 0
address: |  0 |  1 |  2 |  3 |  4 |  5 |  6 |  7 |  8 |  9 | 10 | 11 | 12 | 13 | 14 | 15 |
  value: |  9 |  0 | 11 |  5 |  8 |  2 |  5 | 14 |  1 | 13 |  2 |  0 |  0 |  0 |  0 |  0 |
----------
STEP 42:
IP= 4, IS= 8, R0= 1, R1= 0
address: |  0 |  1 |  2 |  3 |  4 |  5 |  6 |  7 |  8 |  9 | 10 | 11 | 12 | 13 | 14 | 15 |
  value: |  9 |  0 | 11 |  5 |  8 |  1 |  5 | 14 |  1 | 13 |  2 |  0 |  0 |  0 |  0 |  0 |
----------
1
STEP 43:
IP= 6, IS= 5, R0= 1, R1= 0
address: |  0 |  1 |  2 |  3 |  4 |  5 |  6 |  7 |  8 |  9 | 10 | 11 | 12 | 13 | 14 | 15 |
  value: |  9 |  0 | 11 |  5 |  8 |  1 |  5 | 14 |  1 | 13 |  2 |  0 |  0 |  0 |  0 |  0 |
----------
STEP 44:
IP= 7, IS=14, R0= 0, R1= 0
address: |  0 |  1 |  2 |  3 |  4 |  5 |  6 |  7 |  8 |  9 | 10 | 11 | 12 | 13 | 14 | 15 |
  value: |  9 |  0 | 11 |  5 |  8 |  1 |  5 | 14 |  1 | 13 |  2 |  0 |  0 |  0 |  0 |  0 |
----------
STEP 45:
IP= 1, IS= 0, R0= 0, R1= 0
address: |  0 |  1 |  2 |  3 |  4 |  5 |  6 |  7 |  8 |  9 | 10 | 11 | 12 | 13 | 14 | 15 |
  value: |  9 |  0 | 11 |  5 |  8 |  1 |  5 | 14 |  1 | 13 |  2 |  0 |  0 |  0 |  0 |  0 |
----------
