STEP 0:
IP= 0, IS=10, R0= 0, R1= 0
address: |  0 |  1 |  2 |  3 |  4 |  5 |  6 |  7 |  8 |  9 | 10 | 11 | 12 | 13 | 14 | 15 |
  value: | 10 | 14 |  9 | 15 |  8 | 14 | 14 | 13 |  2 | 11 |  5 | 13 |  4 |  0 |  2 | 14 |
----------
STEP 1:
IP= 2, IS= 9, R0= 0, R1= 2
address: |  0 |  1 |  2 |  3 |  4 |  5 |  6 |  7 |  8 |  9 | 10 | 11 | 12 | 13 | 14 | 15 |
  value: | 10 | 14 |  9 | 15 |  8 | 14 | 14 | 13 |  2 | 11 |  5 | 13 |  4 |  0 |  2 | 14 |
----------
STEP 2:
IP= 4, IS= 8, R0=14, R1= 2
address: |  0 |  1 |  2 |  3 |  4 |  5 |  6 |  7 |  8 |  9 | 10 | 11 | 12 | 13 | 14 | 15 |
  value: | 10 | 14 |  9 | 15 |  8 | 14 | 14 | 13 |  2 | 11 |  5 | 13 |  4 |  0 |  2 | 14 |
----------
14
STEP 3:
IP= 6, IS=14, R0=14, R1= 2
address: |  0 |  1 |  2 |  3 |  4 |  5 |  6 |  7 |  8 |  9 | 10 | 11 | 12 | 13 | 14 | 15 |
  value: | 10 | 14 |  9 | 15 |  8 | 14 | 14 | 13 |  2 | 11 |  5 | 13 |  4 |  0 |  2 | 14 |
----------
STEP 4:
IP= 8, IS= 2, R0=14, R1= 2
address: |  0 |  1 |  2 |  3 |  4 |  5 |  6 |  7 |  8 |  9 | 10 | 11 | 12 | 13 | 14 | 15 |
  value: | 10 | 14 |  9 | 15 |  8 | 14 | 14 | 13 |  2 | 11 |  5 | 13 |  4 |  0 |  2 | 14 |
----------
STEP 5:
IP= 9, IS=11, R0=12, R1= 2
address: |  0 |  1 |  2 |  3 |  4 |  5 |  6 |  7 |  8 |  9 | 10 | 11 | 12 | 13 | 14 | 15 |
  value: | 10 | 14 |  9 | 15 |  8 | 14 | 14 | 13 |  2 | 11 |  5 | 13 |  4 |  0 |  2 | 14 |
----------
STEP 6:
IP=11, IS=13, R0=12, R1= 2
address: |  0 |  1 |  2 |  3 |  4 |  5 |  6 |  7 |  8 |  9 | 10 | 11 | 12 | 13 | 14 | 15 |
  value: | 10 | 14 |  9 | 15 |  8 | 12 | 14 | 13 |  2 | 11 |  5 | 13 |  4 |  0 |  2 | 14 |
----------
STEP 7:
IP= 4, IS= 8, R0=12, R1= 2
address: |  0 |  1 |  2 |  3 |  4 |  5 |  6 |  7 |  8 |  9 | 10 | 11 | 12 | 13 | 14 | 15 |
  value: | 10 | 14 |  9 | 15 |  8 | 12 | 14 | 13 |  2 | 11 |  5 | 13 |  4 |  0 |  2 | 14 |
----------
12
STEP 8:
IP= 6, IS=14, R0=12, R1= 2
address: |  0 |  1 |  2 |  3 |  4 |  5 |  6 |  7 |  8 |  9 | 10 | 11 | 12 | 13 | 14 | 15 |
  value: | 10 | 14 |  9 | 15 |  8 | 12 | 14 | 13 |  2 | 11 |  5 | 13 |  4 |  0 |  2 | 14 |
----------
STEP 9:
IP= 8, IS= 2, R0=12, R1= 2
address: |  0 |  1 |  2 |  3 |  4 |  5 |  6 |  7 |  8 |  9 | 10 | 11 | 12 | 13 | 14 | 15 |
  value: | 10 | 14 |  9 | 15 |  8 | 12 | 14 | 13 |  2 | 11 |  5 | 13 |  4 |  0 |  2 | 14 |
----------
STEP 10:
IP= 9, IS=11, R0=10, R1= 2
address: |  0 |  1 |  2 |  3 |  4 |  5 |  6 |  7 |  8 |  9 | 10 | 11 | 12 | 13 | 14 | 15 |
  value: | 10 | 14 |  9 | 15 |  8 | 12 | 14 | 13 |  2 | 11 |  5 | 13 |  4 |  0 |  2 | 14 |
----------
STEP 11:
IP=11, IS=13, R0=10, R1= 2
address: |  0 |  1 |  2 |  3 |  4 |  5 |  6 |  7 |  8 |  9 | 10 | 11 | 12 | 13 | 14 | 15 |
  value: | 10 | 14 |  9 | 15 |  8 | 10 | 14 | 13 |  2 | 11 |  5 | 13 |  4 |  0 |  2 | 14 |
----------
STEP 12:
IP= 4, IS= 8, R0=10, R1= 2
address: |  0 |  1 |  2 |  3 |  4 |  5 |  6 |  7 |  8 |  9 | 10 | 11 | 12 | 13 | 14 | 15 |
  value: | 10 | 14 |  9 | 15 |  8 | 10 | 14 | 13 |  2 | 11 |  5 | 13 |  4 |  0 |  2 | 14 |
----------
10
STEP 13:
IP= 6, IS=14, R0=10, R1= 2
address: |  0 |  1 |  2 |  3 |  4 |  5 |  6 |  7 |  8 |  9 | 10 | 11 | 12 | 13 | 14 | 15 |
  value: | 10 | 14 |  9 | 15 |  8 | 10 | 14 | 13 |  2 | 11 |  5 | 13 |  4 |  0 |  2 | 14 |
----------
STEP 14:
IP= 8, IS= 2, R0=10, R1= 2
address: |  0 |  1 |  2 |  3 |  4 |  5 |  6 |  7 |  8 |  9 | 10 | 11 | 12 | 13 | 14 | 15 |
  value: | 10 | 14 |  9 | 15 |  8 | 10 | 14 | 13 |  2 | 11 |  5 | 13 |  4 |  0 |  2 | 14 |
----------
STEP 15:
IP= 9, IS=11, R0= 8, R1= 2
address: |  0 |  1 |  2 |  3 |  4 |  5 |  6 |  7 |  8 |  9 | 10 | 11 | 12 | 13 | 14 | 15 |
  value: | 10 | 14 |  9 | 15 |  8 | 10 | 14 | 13 |  2 | 11 |  5 | 13 |  4 |  0 |  2 | 14 |
----------
STEP 16:
IP=11, IS=13, R0= 8, R1= 2
address: |  0 |  1 |  2 |  3 |  4 |  5 |  6 |  7 |  8 |  9 | 10 | 11 | 12 | 13 | 14 | 15 |
  value: | 10 | 14 |  9 | 15 |  8 |  8 | 14 | 13 |  2 | 11 |  5 | 13 |  4 |  0 |  2 | 14 |
----------
STEP 17:
IP= 4, IS= 8, R0= 8, R1= 2
address: |  0 |  1 |  2 |  3 |  4 |  5 |  6 |  7 |  8 |  9 | 10 | 11 | 12 | 13 | 14 | 15 |
  value: | 10 | 14 |  9 | 15 |  8 |  8 | 14 | 13 |  2 | 11 |  5 | 13 |  4 |  0 |  2 | 14 |
----------
8
STEP 18:
IP= 6, IS=14, R0= 8, R1= 2
address: |  0 |  1 |  2 |  3 |  4 |  5 |  6 |  7 |  8 |  9 | 10 | 11 | 12 | 13 | 14 | 15 |
  value: | 10 | 14 |  9 | 15 |  8 |  8 | 14 | 13 |  2 | 11 |  5 | 13 |  4 |  0 |  2 | 14 |
----------
STEP 19:
IP= 8, IS= 2, R0= 8, R1= 2
address: |  0 |  1 |  2 |  3 |  4 |  5 |  6 |  7 |  8 |  9 | 10 | 11 | 12 | 13 | 14 | 15 |
  value: | 10 | 14 |  9 | 15 |  8 |  8 | 14 | 13 |  2 | 11 |  5 | 13 |  4 |  0 |  2 | 14 |
----------
STEP 20:
IP= 9, IS=11, R0= 6, R1= 2
address: |  0 |  1 |  2 |  3 |  4 |  5 |  6 |  7 |  8 |  9 | 10 | 11 | 12 | 13 | 14 | 15 |
  value: | 10 | 14 |  9 | 15 |  8 |  8 | 14 | 13 |  2 | 11 |  5 | 13 |  4 |  0 |  2 | 14 |
----------
STEP 21:
IP=11, IS=13, R0= 6, R1= 2
address: |  0 |  1 |  2 |  3 |  4 |  5 |  6 |  7 |  8 |  9 | 10 | 11 | 12 | 13 | 14 | 15 |
  value: | 10 | 14 |  9 | 15 |  8 |  6 | 14 | 13 |  2 | 11 |  5 | 13 |  4 |  0 |  2 | 14 |
----------
STEP 22:
IP= 4, IS= 8, R0= 6, R1= 2
address: |  0 |  1 |  2 |  3 |  4 |  5 |  6 |  7 |  8 |  9 | 10 | 11 | 12 | 13 | 14 | 15 |
  value: | 10 | 14 |  9 | 15 |  8 |  6 | 14 | 13 |  2 | 11 |  5 | 13 |  4 |  0 |  2 | 14 |
----------
6
STEP 23:
IP= 6, IS=14, R0= 6, R1= 2
address: |  0 |  1 |  2 |  3 |  4 |  5 |  6 |  7 |  8 |  9 | 10 | 11 | 12 | 13 | 14 | 15 |
  value: | 10 | 14 |  9 | 15 |  8 |  6 | 14 | 13 |  2 | 11 |  5 | 13 |  4 |  0 |  2 | 14 |
----------
STEP 24:
IP= 8, IS= 2, R0= 6, R1= 2
address: |  0 |  1 |  2 |  3 |  4 |  5 |  6 |  7 |  8 |  9 | 10 | 11 | 12 | 13 | 14 | 15 |
  value: | 10 | 14 |  9 | 15 |  8 |  6 | 14 | 13 |  2 | 11 |  5 | 13 |  4 |  0 |  2 | 14 |
----------
STEP 25:
IP= 9, IS=11, R0= 4, R1= 2
address: |  0 |  1 |  2 |  3 |  4 |  5 |  6 |  7 |  8 |  9 | 10 | 11 | 12 | 13 | 14 | 15 |
  value: | 10 | 14 |  9 | 15 |  8 |  6 | 14 | 13 |  2 | 11 |  5 | 13 |  4 |  0 |  2 | 14 |
----------
STEP 26:
IP=11, IS=13, R0= 4, R1= 2
address: |  0 |  1 |  2 |  3 |  4 |  5 |  6 |  7 |  8 |  9 | 10 | 11 | 12 | 13 | 14 | 15 |
  value: | 10 | 14 |  9 | 15 |  8 |  4 | 14 | 13 |  2 | 11 |  5 | 13 |  4 |  0 |  2 | 14 |
----------
STEP 27:
IP= 4, IS= 8, R0= 4, R1= 2
address: |  0 |  1 |  2 |  3 |  4 |  5 |  6 |  7 |  8 |  9 | 10 | 11 | 12 | 13 | 14 | 15 |
  value: | 10 | 14 |  9 | 15 |  8 |  4 | 14 | 13 |  2 | 11 |  5 | 13 |  4 |  0 |  2 | 14 |
----------
4
STEP 28:
IP= 6, IS=14, R0= 4, R1= 2
address: |  0 |  1 |  2 |  3 |  4 |  5 |  6 |  7 |  8 |  9 | 10 | 11 | 12 | 13 | 14 | 15 |
  value: | 10 | 14 |  9 | 15 |  8 |  4 | 14 | 13 |  2 | 11 |  5 | 13 |  4 |  0 |  2 | 14 |
----------
STEP 29:
IP= 8, IS= 2, R0= 4, R1= 2
address: |  0 |  1 |  2 |  3 |  4 |  5 |  6 |  7 |  8 |  9 | 10 | 11 | 12 | 13 | 14 | 15 |
  value: | 10 | 14 |  9 | 15 |  8 |  4 | 14 | 13 |  2 | 11 |  5 | 13 |  4 |  0 |  2 | 14 |
----------
STEP 30:
IP= 9, IS=11, R0= 2, R1= 2
address: |  0 |  1 |  2 |  3 |  4 |  5 |  6 |  7 |  8 |  9 | 10 | 11 | 12 | 13 | 14 | 15 |
  value: | 10 | 14 |  9 | 15 |  8 |  4 | 14 | 13 |  2 | 11 |  5 | 13 |  4 |  0 |  2 | 14 |
----------
STEP 31:
IP=11, IS=13, R0= 2, R1= 2
address: |  0 |  1 |  2 |  3 |  4 |  5 |  6 |  7 |  8 |  9 | 10 | 11 | 12 | 13 | 14 | 15 |
  value: | 10 | 14 |  9 | 15 |  8 |  2 | 14 | 13 |  2 | 11 |  5 | 13 |  4 |  0 |  2 | 14 |
----------
STEP 32:
IP= 4, IS= 8, R0= 2, R1= 2
address: |  0 |  1 |  2 |  3 |  4 |  5 |  6 |  7 |  8 |  9 | 10 | 11 | 12 | 13 | 14 | 15 |
  value: | 10 | 14 |  9 | 15 |  8 |  2 | 14 | 13 |  2 | 11 |  5 | 13 |  4 |  0 |  2 | 14 |
----------
2
STEP 33:
IP= 6, IS=14, R0= 2, R1= 2
address: |  0 |  1 |  2 |  3 |  4 |  5 |  6 |  7 |  8 |  9 | 10 | 11 | 12 | 13 | 14 | 15 |
  value: | 10 | 14 |  9 | 15 |  8 |  2 | 14 | 13 |  2 | 11 |  5 | 13 |  4 |  0 |  2 | 14 |
----------
STEP 34:
IP= 8, IS= 2, R0= 2, R1= 2
address: |  0 |  1 |  2 |  3 |  4 |  5 |  6 |  7 |  8 |  9 | 10 | 11 | 12 | 13 | 14 | 15 |
  value: | 10 | 14 |  9 | 15 |  8 |  2 | 14 | 13 |  2 | 11 |  5 | 13 |  4 |  0 |  2 | 14 |
----------
STEP 35:
IP= 9, IS=11, R0= 0, R1= 2
address: |  0 |  1 |  2 |  3 |  4 |  5 |  6 |  7 |  8 |  9 | 10 | 11 | 12 | 13 | 14 | 15 |
  value: | 10 | 14 |  9 | 15 |  8 |  2 | 14 | 13 |  2 | 11 |  5 | 13 |  4 |  0 |  2 | 14 |
----------
STEP 36:
IP=11, IS=13, R0= 0, R1= 2
address: |  0 |  1 |  2 |  3 |  4 |  5 |  6 |  7 |  8 |  9 | 10 | 11 | 12 | 13 | 14 | 15 |
  value: | 10 | 14 |  9 | 15 |  8 |  0 | 14 | 13 |  2 | 11 |  5 | 13 |  4 |  0 |  2 | 14 |
----------
STEP 37:
IP= 4, IS= 8, R0= 0, R1= 2
address: |  0 |  1 |  2 |  3 |  4 |  5 |  6 |  7 |  8 |  9 | 10 | 11 | 12 | 13 | 14 | 15 |
  value: | 10 | 14 |  9 | 15 |  8 |  0 | 14 | 13 |  2 | 11 |  5 | 13 |  4 |  0 |  2 | 14 |
----------
0
STEP 38:
IP= 6, IS=14, R0= 0, R1= 2
address: |  0 |  1 |  2 |  3 |  4 |  5 |  6 |  7 |  8 |  9 | 10 | 11 | 12 | 13 | 14 | 15 |
  value: | 10 | 14 |  9 | 15 |  8 |  0 | 14 | 13 |  2 | 11 |  5 | 13 |  4 |  0 |  2 | 14 |
----------
STEP 39:
IP=13, IS= 0, R0= 0, R1= 2
address: |  0 |  1 |  2 |  3 |  4 |  5 |  6 |  7 |  8 |  9 | 10 | 11 | 12 | 13 | 14 | 15 |
  value: | 10 | 14 |  9 | 15 |  8 |  0 | 14 | 13 |  2 | 11 |  5 | 13 |  4 |  0 |  2 | 14 |
----------
