STEP 0:
IP= 0, IS= 9, R0= 0, R1= 0
address: |  0 |  1 |  2 |  3 |  4 |  5 |  6 |  7 |  8 |  9 | 10 | 11 | 12 | 13 | 14 | 15 |
  value: |  9 | 15 |  8 |  8 |  5 | 14 |  9 | 13 |  2 |  0 |  0 |  0 |  0 |  0 |  0 |  7 |
----------
STEP 1:
IP= 2, IS= 8, R0= 7, R1= 0
address: |  0 |  1 |  2 |  3 |  4 |  5 |  6 |  7 |  8 |  9 | 10 | 11 | 12 | 13 | 14 | 15 |
  value: |  9 | 15 |  8 |  8 |  5 | 14 |  9 | 13 |  2 |  0 |  0 |  0 |  0 |  0 |  0 |  7 |
----------
8
STEP 2:
IP= 4, IS= 5, R0= 7, R1= 0
address: |  0 |  1 |  2 |  3 |  4 |  5 |  6 |  7 |  8 |  9 | 10 | 11 | 12 | 13 | 14 | 15 |
  value: |  9 | 15 |  8 |  8 |  5 | 14 |  9 | 13 |  2 |  0 |  0 |  0 |  0 |  0 |  0 |  7 |
----------
STEP 3:
IP= 5, IS=14, R0= 6, R1= 0
address: |  0 |  1 |  2 |  3 |  4 |  5 |  6 |  7 |  8 |  9 | 10 | 11 | 12 | 13 | 14 | 15 |
  value: |  9 | 15 |  8 |  8 |  5 | 14 |  9 | 13 |  2 |  0 |  0 |  0 |  0 |  0 |  0 |  7 |
----------
STEP 4:
IP= 7, IS=13, R0= 6, R1= 0
address: |  0 |  1 |  2 |  3 |  4 |  5 |  6 |  7 |  8 |  9 | 10 | 11 | 12 | 13 | 14 | 15 |
  value: |  9 | 15 |  8 |  8 |  5 | 14 |  9 | 13 |  2 |  0 |  0 |  0 |  0 |  0 |  0 |  7 |
----------
STEP 5:
IP= 2, IS= 8, R0= 6, R1= 0
address: |  0 |  1 |  2 |  3 |  4 |  5 |  6 |  7 |  8 |  9 | 10 | 11 | 12 | 13 | 14 | 15 |
  value: |  9 | 15 |  8 |  8 |  5 | 14 |  9 | 13 |  2 |  0 |  0 |  0 |  0 |  0 |  0 |  7 |
----------
8
STEP 6:
IP= 4, IS= 5, R0= 6, R1= 0
address: |  0 |  1 |  2 |  3 |  4 |  5 |  6 |  7 |  8 |  9 | 10 | 11 | 12 | 13 | 14 | 15 |
  value: |  9 | 15 |  8 |  8 |  5 | 14 |  9 | 13 |  2 |  0 |  0 |  0 |  0 |  0 |  0 |  7 |
----------
STEP 7:
IP= 5, IS=14, R0= 5, R1= 0
address: |  0 |  1 |  2 |  3 |  4 |  5 |  6 |  7 |  8 |  9 | 10 | 11 | 12 | 13 | 14 | 15 |
  value: |  9 | 15 |  8 |  8 |  5 | 14 |  9 | 13 |  2 |  0 |  0 |  0 |  0 |  0 |  0 |  7 |
----------
STEP 8:
IP= 7, IS=13, R0= 5, R1= 0
address: |  0 |  1 |  2 |  3 |  4 |  5 |  6 |  7 |  8 |  9 | 10 | 11 | 12 | 13 | 14 | 15 |
  value: |  9 | 15 |  8 |  8 |  5 | 14 |  9 | 13 |  2 |  0 |  0 |  0 |  0 |  0 |  0 |  7 |
----------
STEP 9:
IP= 2, IS= 8, R0= 5, R1= 0
address: |  0 |  1 |  2 |  3 |  4 |  5 |  6 |  7 |  8 |  9 | 10 | 11 | 12 | 13 | 14 | 15 |
  value: |  9 | 15 |  8 |  8 |  5 | 14 |  9 | 13 |  2 |  0 |  0 |  0 |  0 |  0 |  0 |  7 |
----------
8
STEP 10:
IP= 4, IS= 5, R0= 5, R1= 0
address: |  0 |  1 |  2 |  3 |  4 |  5 |  6 |  7 |  8 |  9 | 10 | 11 | 12 | 13 | 14 | 15 |
  value: |  9 | 15 |  8 |  8 |  5 | 14 |  9 | 13 |  2 |  0 |  0 |  0 |  0 |  0 |  0 |  7 |
----------
STEP 11:
IP= 5, IS=14, R0= 4, R1= 0
address: |  0 |  1 |  2 |  3 |  4 |  5 |  6 |  7 |  8 |  9 | 10 | 11 | 12 | 13 | 14 | 15 |
  value: |  9 | 15 |  8 |  8 |  5 | 14 |  9 | 13 |  2 |  0 |  0 |  0 |  0 |  0 |  0 |  7 |
----------
STEP 12:
IP= 7, IS=13, R0= 4, R1= 0
address: |  0 |  1 |  2 |  3 |  4 |  5 |  6 |  7 |  8 |  9 | 10 | 11 | 12 | 13 | 14 | 15 |
  value: |  9 | 15 |  8 |  8 |  5 | 14 |  9 | 13 |  2 |  0 |  0 |  0 |  0 |  0 |  0 |  7 |
----------
STEP 13:
IP= 2, IS= 8, R0= 4, R1= 0
address: |  0 |  1 |  2 |  3 |  4 |  5 |  6 |  7 |  8 |  9 | 10 | 11 | 12 | 13 | 14 | 15 |
  value: |  9 | 15 |  8 |  8 |  5 | 14 |  9 | 13 |  2 |  0 |  0 |  0 |  0 |  0 |  0 |  7 |
----------
8
STEP 14:
IP= 4, IS= 5, R0= 4, R1= 0
address: |  0 |  1 |  2 |  3 |  4 |  5 |  6 |  7 |  8 |  9 | 10 | 11 | 12 | 13 | 14 | 15 |
  value: |  9 | 15 |  8 |  8 |  5 | 14 |  9 | 13 |  2 |  0 |  0 |  0 |  0 |  0 |  0 |  7 |
----------
STEP 15:
IP= 5, IS=14, R0= 3, R1= 0
address: |  0 |  1 |  2 |  3 |  4 |  5 |  6 |  7 |  8 |  9 | 10 | 11 | 12 | 13 | 14 | 15 |
  value: |  9 | 15 |  8 |  8 |  5 | 14 |  9 | 13 |  2 |  0 |  0 |  0 |  0 |  0 |  0 |  7 |
----------
STEP 16:
IP= 7, IS=13, R0= 3, R1= 0
address: |  0 |  1 |  2 |  3 |  4 |  5 |  6 |  7 |  8 |  9 | 10 | 11 | 12 | 13 | 14 | 15 |
  value: |  9 | 15 |  8 |  8 |  5 | 14 |  9 | 13 |  2 |  0 |  0 |  0 |  0 |  0 |  0 |  7 |
----------
STEP 17:
IP= 2, IS= 8, R0= 3, R1= 0
address: |  0 |  1 |  2 |  3 |  4 |  5 |  6 |  7 |  8 |  9 | 10 | 11 | 12 | 13 | 14 | 15 |
  value: |  9 | 15 |  8 |  8 |  5 | 14 |  9 | 13 |  2 |  0 |  0 |  0 |  0 |  0 |  0 |  7 |
----------
8
STEP 18:
IP= 4, IS= 5, R0= 3, R1= 0
address: |  0 |  1 |  2 |  3 |  4 |  5 |  6 |  7 |  8 |  9 | 10 | 11 | 12 | 13 | 14 | 15 |
  value: |  9 | 15 |  8 |  8 |  5 | 14 |  9 | 13 |  2 |  0 |  0 |  0 |  0 |  0 |  0 |  7 |
----------
STEP 19:
IP= 5, IS=14, R0= 2, R1= 0
address: |  0 |  1 |  2 |  3 |  4 |  5 |  6 |  7 |  8 |  9 | 10 | 11 | 12 | 13 | 14 | 15 |
  value: |  9 | 15 |  8 |  8 |  5 | 14 |  9 | 13 |  2 |  0 |  0 |  0 |  0 |  0 |  0 |  7 |
----------
STEP 20:
IP= 7, IS=13, R0= 2, R1= 0
address: |  0 |  1 |  2 |  3 |  4 |  5 |  6 |  7 |  8 |  9 | 10 | 11 | 12 | 13 | 14 | 15 |
  value: |  9 | 15 |  8 |  8 |  5 | 14 |  9 | 13 |  2 |  0 |  0 |  0 |  0 |  0 |  0 |  7 |
----------
STEP 21:
IP= 2, IS= 8, R0= 2, R1= 0
address: |  0 |  1 |  2 |  3 |  4 |  5 |  6 |  7 |  8 |  9 | 10 | 11 | 12 | 13 | 14 | 15 |
  value: |  9 | 15 |  8 |  8 |  5 | 14 |  9 | 13 |  2 |  0 |  0 |  0 |  0 |  0 |  0 |  7 |
----------
8
STEP 22:
IP= 4, IS= 5, R0= 2, R1= 0
address: |  0 |  1 |  2 |  3 |  4 |  5 |  6 |  7 |  8 |  9 | 10 | 11 | 12 | 13 | 14 | 15 |
  value: |  9 | 15 |  8 |  8 |  5 | 14 |  9 | 13 |  2 |  0 |  0 |  0 |  0 |  0 |  0 |  7 |
----------
STEP 23:
IP= 5, IS=14, R0= 1, R1= 0
address: |  0 |  1 |  2 |  3 |  4 |  5 |  6 |  7 |  8 |  9 | 10 | 11 | 12 | 13 | 14 | 15 |
  value: |  9 | 15 |  8 |  8 |  5 | 14 |  9 | 13 |  2 |  0 |  0 |  0 |  0 |  0 |  0 |  7 |
----------
STEP 24:
IP= 7, IS=13, R0= 1, R1= 0
address: |  0 |  1 |  2 |  3 |  4 |  5 |  6 |  7 |  8 |  9 | 10 | 11 | 12 | 13 | 14 | 15 |
  value: |  9 | 15 |  8 |  8 |  5 | 14 |  9 | 13 |  2 |  0 |  0 |  0 |  0 |  0 |  0 |  7 |
----------
STEP 25:
IP= 2, IS= 8, R0= 1, R1= 0
address: |  0 |  1 |  2 |  3 |  4 |  5 |  6 |  7 |  8 |  9 | 10 | 11 | 12 | 13 | 14 | 15 |
  value: |  9 | 15 |  8 |  8 |  5 | 14 |  9 | 13 |  2 |  0 |  0 |  0 |  0 |  0 |  0 |  7 |
----------
8
STEP 26:
IP= 4, IS= 5, R0= 1, R1= 0
address: |  0 |  1 |  2 |  3 |  4 |  5 |  6 |  7 |  8 |  9 | 10 | 11 | 12 | 13 | 14 | 15 |
  value: |  9 | 15 |  8 |  8 |  5 | 14 |  9 | 13 |  2 |  0 |  0 |  0 |  0 |  0 |  0 |  7 |
----------
STEP 27:
IP= 5, IS=14, R0= 0, R1= 0
address: |  0 |  1 |  2 |  3 |  4 |  5 |  6 |  7 |  8 |  9 | 10 | 11 | 12 | 13 | 14 | 15 |
  value: |  9 | 15 |  8 |  8 |  5 | 14 |  9 | 13 |  2 |  0 |  0 |  0 |  0 |  0 |  0 |  7 |
----------
STEP 28:
IP= 9, IS= 0, R0= 0, R1= 0
address: |  0 |  1 |  2 |  3 |  4 |  5 |  6 |  7 |  8 |  9 | 10 | 11 | 12 | 13 | 14 | 15 |
  value: |  9 | 15 |  8 |  8 |  5 | 14 |  9 | 13 |  2 |  0 |  0 |  0 |  0 |  0 |  0 |  7 |
----------