STEP 0:
IP= 0, IS= 9, R0= 0, R1= 0
address: |  0 |  1 |  2 |  3 |  4 |  5 |  6 |  7 |  8 |  9 | 10 | 11 | 12 | 13 | 14 | 15 |
  value: |  9 |  2 | 11 |  4 |  0 |  6 |  0 |  8 |  0 | 10 |  0 | 12 |  0 | 11 |  0 |  0 |
----------
STEP 1:
IP= 2, IS=11, R0=11, R1= 0
address: |  0 |  1 |  2 |  3 |  4 |  5 |  6 |  7 |  8 |  9 | 10 | 11 | 12 | 13 | 14 | 15 |
  value: |  9 |  2 | 11 |  4 |  0 |  6 |  0 |  8 |  0 | 10 |  0 | 12 |  0 | 11 |  0 |  0 |
----------
STEP 2:
IP= 4, IS=11, R0=11, R1= 0
address: |  0 |  1 |  2 |  3 |  4 |  5 |  6 |  7 |  8 |  9 | 10 | 11 | 12 | 13 | 14 | 15 |
  value: |  9 |  2 | 11 |  4 | 11 |  6 |  0 |  8 |  0 | 10 |  0 | 12 |  0 | 11 |  0 |  0 |
----------
STEP 3:
IP= 6, IS=11, R0=11, R1= 0
address: |  0 |  1 |  2 |  3 |  4 |  5 |  6 |  7 |  8 |  9 | 10 | 11 | 12 | 13 | 14 | 15 |
  value: |  9 |  2 | 11 |  4 | 11 |  6 | 11 |  8 |  0 | 10 |  0 | 12 |  0 | 11 |  0 |  0 |
----------
STEP 4:
IP= 8, IS=11, R0=11, R1= 0
address: |  0 |  1 |  2 |  3 |  4 |  5 |  6 |  7 |  8 |  9 | 10 | 11 | 12 | 13 | 14 | 15 |
  value: |  9 |  2 | 11 |  4 | 11 |  6 | 11 |  8 | 11 | 10 |  0 | 12 |  0 | 11 |  0 |  0 |
----------
STEP 5:
IP=10, IS=11, R0=11, R1= 0
address: |  0 |  1 |  2 |  3 |  4 |  5 |  6 |  7 |  8 |  9 | 10 | 11 | 12 | 13 | 14 | 15 |
  value: |  9 |  2 | 11 |  4 | 11 |  6 | 11 |  8 | 11 | 10 | 11 | 12 |  0 | 11 |  0 |  0 |
----------
STEP 6:
IP=12, IS=11, R0=11, R1= 0
address: |  0 |  1 |  2 |  3 |  4 |  5 |  6 |  7 |  8 |  9 | 10 | 11 | 12 | 13 | 14 | 15 |
  value: |  9 |  2 | 11 |  4 | 11 |  6 | 11 |  8 | 11 | 10 | 11 | 12 | 11 | 11 |  0 |  0 |
----------
STEP 7:
IP=14, IS= 0, R0=11, R1= 0
address: |  0 |  1 |  2 |  3 |  4 |  5 |  6 |  7 |  8 |  9 | 10 | 11 | 12 | 13 | 14 | 15 |
  value: |  9 |  2 | 11 |  4 | 11 |  6 | 11 |  8 | 11 | 10 | 11 | 11 | 11 | 11 |  0 |  0 |
----------
