STEP 0:
IP= 0, IS=13, R0= 0, R1= 0
address: |  0 |  1 |  2 |  3 |  4 |  5 |  6 |  7 |  8 |  9 | 10 | 11 | 12 | 13 | 14 | 15 |
  value: | 13 |  4 | 15 | 15 |  8 |  7 |  9 |  0 | 10 |  1 | 11 |  1 | 12 |  0 | 13 |  0 |
----------
STEP 1:
IP= 4, IS= 8, R0= 0, R1= 0
address: |  0 |  1 |  2 |  3 |  4 |  5 |  6 |  7 |  8 |  9 | 10 | 11 | 12 | 13 | 14 | 15 |
  value: | 13 |  4 | 15 | 15 |  8 |  7 |  9 |  0 | 10 |  1 | 11 |  1 | 12 |  0 | 13 |  0 |
----------
7
STEP 2:
IP= 6, IS= 9, R0= 0, R1= 0
address: |  0 |  1 |  2 |  3 |  4 |  5 |  6 |  7 |  8 |  9 | 10 | 11 | 12 | 13 | 14 | 15 |
  value: | 13 |  4 | 15 | 15 |  8 |  7 |  9 |  0 | 10 |  1 | 11 |  1 | 12 |  0 | 13 |  0 |
----------
STEP 3:
IP= 8, IS=10, R0=13, R1= 0
address: |  0 |  1 |  2 |  3 |  4 |  5 |  6 |  7 |  8 |  9 | 10 | 11 | 12 | 13 | 14 | 15 |
  value: | 13 |  4 | 15 | 15 |  8 |  7 |  9 |  0 | 10 |  1 | 11 |  1 | 12 |  0 | 13 |  0 |
----------
STEP 4:
IP=10, IS=11, R0=13, R1= 4
address: |  0 |  1 |  2 |  3 |  4 |  5 |  6 |  7 |  8 |  9 | 10 | 11 | 12 | 13 | 14 | 15 |
  value: | 13 |  4 | 15 | 15 |  8 |  7 |  9 |  0 | 10 |  1 | 11 |  1 | 12 |  0 | 13 |  0 |
----------
STEP 5:
IP=12, IS=12, R0=13, R1= 4
address: |  0 |  1 |  2 |  3 |  4 |  5 |  6 |  7 |  8 |  9 | 10 | 11 | 12 | 13 | 14 | 15 |
  value: | 13 | 13 | 15 | 15 |  8 |  7 |  9 |  0 | 10 |  1 | 11 |  1 | 12 |  0 | 13 |  0 |
----------
STEP 6:
IP=14, IS=13, R0=13, R1= 4
address: |  0 |  1 |  2 |  3 |  4 |  5 |  6 |  7 |  8 |  9 | 10 | 11 | 12 | 13 | 14 | 15 |
  value: |  4 | 13 | 15 | 15 |  8 |  7 |  9 |  0 | 10 |  1 | 11 |  1 | 12 |  0 | 13 |  0 |
----------
STEP 7:
IP= 0, IS= 4, R0=13, R1= 4
address: |  0 |  1 |  2 |  3 |  4 |  5 |  6 |  7 |  8 |  9 | 10 | 11 | 12 | 13 | 14 | 15 |
  value: |  4 | 13 | 15 | 15 |  8 |  7 |  9 |  0 | 10 |  1 | 11 |  1 | 12 |  0 | 13 |  0 |
----------
STEP 8:
IP= 1, IS=13, R0=13, R1= 5
address: |  0 |  1 |  2 |  3 |  4 |  5 |  6 |  7 |  8 |  9 | 10 | 11 | 12 | 13 | 14 | 15 |
  value: |  4 | 13 | 15 | 15 |  8 |  7 |  9 |  0 | 10 |  1 | 11 |  1 | 12 |  0 | 13 |  0 |
----------
STEP 9:
IP=15, IS= 0, R0=13, R1= 5
address: |  0 |  1 |  2 |  3 |  4 |  5 |  6 |  7 |  8 |  9 | 10 | 11 | 12 | 13 | 14 | 15 |
  value: |  4 | 13 | 15 | 15 |  8 |  7 |  9 |  0 | 10 |  1 | 11 |  1 | 12 |  0 | 13 |  0 |
----------
