STEP 0:
IP= 0, IS= 7, R0= 0, R1= 0
address: |  0 |  1 |  2 |  3 |  4 |  5 |  6 |  7 |  8 |  9 | 10 | 11 | 12 | 13 | 14 | 15 |
  value: |  7 |  9 |  0 |  5 | 11 |  0 | 13 |  0 |  0 |  0 |  0 |  0 |  0 |  0 |  0 |  0 |
----------
STEP 1:
IP= 1, IS= 9, R0= 0, R1= 0
address: |  0 |  1 |  2 |  3 |  4 |  5 |  6 |  7 |  8 |  9 | 10 | 11 | 12 | 13 | 14 | 15 |
  value: |  7 |  9 |  0 |  5 | 11 |  0 | 13 |  0 |  0 |  0 |  0 |  0 |  0 |  0 |  0 |  0 |
----------
STEP 2:
IP= 3, IS= 5, R0= 7, R1= 0
address: |  0 |  1 |  2 |  3 |  4 |  5 |  6 |  7 |  8 |  9 | 10 | 11 | 12 | 13 | 14 | 15 |
  value: |  7 |  9 |  0 |  5 | 11 |  0 | 13 |  0 |  0 |  0 |  0 |  0 |  0 |  0 |  0 |  0 |
----------
STEP 3:
IP= 4, IS=11, R0= 6, R1= 0
address: |  0 |  1 |  2 |  3 |  4 |  5 |  6 |  7 |  8 |  9 | 10 | 11 | 12 | 13 | 14 | 15 |
  value: |  7 |  9 |  0 |  5 | 11 |  0 | 13 |  0 |  0 |  0 |  0 |  0 |  0 |  0 |  0 |  0 |
----------
STEP 4:
IP= 6, IS=13, R0= 6, R1= 0
address: |  0 |  1 |  2 |  3 |  4 |  5 |  6 |  7 |  8 |  9 | 10 | 11 | 12 | 13 | 14 | 15 |
  value: |  6 |  9 |  0 |  5 | 11 |  0 | 13 |  0 |  0 |  0 |  0 |  0 |  0 |  0 |  0 |  0 |
----------
STEP 5:
IP= 0, IS= 6, R0= 6, R1= 0
address: |  0 |  1 |  2 |  3 |  4 |  5 |  6 |  7 |  8 |  9 | 10 | 11 | 12 | 13 | 14 | 15 |
  value: |  6 |  9 |  0 |  5 | 11 |  0 | 13 |  0 |  0 |  0 |  0 |  0 |  0 |  0 |  0 |  0 |
----------
STEP 6:
IP= 1, IS= 9, R0= 6, R1=15
address: |  0 |  1 |  2 |  3 |  4 |  5 |  6 |  7 |  8 |  9 | 10 | 11 | 12 | 13 | 14 | 15 |
  value: |  6 |  9 |  0 |  5 | 11 |  0 | 13 |  0 |  0 |  0 |  0 |  0 |  0 |  0 |  0 |  0 |
----------
STEP 7:
IP= 3, IS= 5, R0= 6, R1=15
address: |  0 |  1 |  2 |  3 |  4 |  5 |  6 |  7 |  8 |  9 | 10 | 11 | 12 | 13 | 14 | 15 |
  value: |  6 |  9 |  0 |  5 | 11 |  0 | 13 |  0 |  0 |  0 |  0 |  0 |  0 |  0 |  0 |  0 |
----------
STEP 8:
IP= 4, IS=11, R0= 5, R1=15
address: |  0 |  1 |  2 |  3 |  4 |  5 |  6 |  7 |  8 |  9 | 10 | 11 | 12 | 13 | 14 | 15 |
  value: |  6 |  9 |  0 |  5 | 11 |  0 | 13 |  0 |  0 |  0 |  0 |  0 |  0 |  0 |  0 |  0 |
----------
STEP 9:
IP= 6, IS=13, R0= 5, R1=15
address: |  0 |  1 |  2 |  3 |  4 |  5 |  6 |  7 |  8 |  9 | 10 | 11 | 12 | 13 | 14 | 15 |
  value: |  5 |  9 |  0 |  5 | 11 |  0 | 13 |  0 |  0 |  0 |  0 |  0 |  0 |  0 |  0 |  0 |
----------
STEP 10:
IP= 0, IS= 5, R0= 5, R1=15
address: |  0 |  1 |  2 |  3 |  4 |  5 |  6 |  7 |  8 |  9 | 10 | 11 | 12 | 13 | 14 | 15 |
  value: |  5 |  9 |  0 |  5 | 11 |  0 | 13 |  0 |  0 |  0 |  0 |  0 |  0 |  0 |  0 |  0 |
----------
STEP 11:
IP= 1, IS= 9, R0= 4, R1=15
address: |  0 |  1 |  2 |  3 |  4 |  5 |  6 |  7 |  8 |  9 | 10 | 11 | 12 | 13 | 14 | 15 |
  value: |  5 |  9 |  0 |  5 | 11 |  0 | 13 |  0 |  0 |  0 |  0 |  0 |  0 |  0 |  0 |  0 |
----------
STEP 12:
IP= 3, IS= 5, R0= 5, R1=15
address: |  0 |  1 |  2 |  3 |  4 |  5 |  6 |  7 |  8 |  9 | 10 | 11 | 12 | 13 | 14 | 15 |
  value: |  5 |  9 |  0 |  5 | 11 |  0 | 13 |  0 |  0 |  0 |  0 |  0 |  0 |  0 |  0 |  0 |
----------
STEP 13:
IP= 4, IS=11, R0= 4, R1=15
address: |  0 |  1 |  2 |  3 |  4 |  5 |  6 |  7 |  8 |  9 | 10 | 11 | 12 | 13 | 14 | 15 |
  value: |  5 |  9 |  0 |  5 | 11 |  0 | 13 |  0 |  0 |  0 |  0 |  0 |  0 |  0 |  0 |  0 |
----------
STEP 14:
IP= 6, IS=13, R0= 4, R1=15
address: |  0 |  1 |  2 |  3 |  4 |  5 |  6 |  7 |  8 |  9 | 10 | 11 | 12 | 13 | 14 | 15 |
  value: |  4 |  9 |  0 |  5 | 11 |  0 | 13 |  0 |  0 |  0 |  0 |  0 |  0 |  0 |  0 |  0 |
----------
STEP 15:
IP= 0, IS= 4, R0= 4, R1=15
address: |  0 |  1 |  2 |  3 |  4 |  5 |  6 |  7 |  8 |  9 | 10 | 11 | 12 | 13 | 14 | 15 |
  value: |  4 |  9 |  0 |  5 | 11 |  0 | 13 |  0 |  0 |  0 |  0 |  0 |  0 |  0 |  0 |  0 |
----------
STEP 16:
IP= 1, IS= 9, R0= 4, R1= 0
address: |  0 |  1 |  2 |  3 |  4 |  5 |  6 |  7 |  8 |  9 | 10 | 11 | 12 | 13 | 14 | 15 |
  value: |  4 |  9 |  0 |  5 | 11 |  0 | 13 |  0 |  0 |  0 |  0 |  0 |  0 |  0 |  0 |  0 |
----------
STEP 17:
IP= 3, IS= 5, R0= 4, R1= 0
address: |  0 |  1 |  2 |  3 |  4 |  5 |  6 |  7 |  8 |  9 | 10 | 11 | 12 | 13 | 14 | 15 |
  value: |  4 |  9 |  0 |  5 | 11 |  0 | 13 |  0 |  0 |  0 |  0 |  0 |  0 |  0 |  0 |  0 |
----------
STEP 18:
IP= 4, IS=11, R0= 3, R1= 0
address: |  0 |  1 |  2 |  3 |  4 |  5 |  6 |  7 |  8 |  9 | 10 | 11 | 12 | 13 | 14 | 15 |
  value: |  4 |  9 |  0 |  5 | 11 |  0 | 13 |  0 |  0 |  0 |  0 |  0 |  0 |  0 |  0 |  0 |
----------
STEP 19:
IP= 6, IS=13, R0= 3, R1= 0
address: |  0 |  1 |  2 |  3 |  4 |  5 |  6 |  7 |  8 |  9 | 10 | 11 | 12 | 13 | 14 | 15 |
  value: |  3 |  9 |  0 |  5 | 11 |  0 | 13 |  0 |  0 |  0 |  0 |  0 |  0 |  0 |  0 |  0 |
----------
STEP 20:
IP= 0, IS= 3, R0= 3, R1= 0
address: |  0 |  1 |  2 |  3 |  4 |  5 |  6 |  7 |  8 |  9 | 10 | 11 | 12 | 13 | 14 | 15 |
  value: |  3 |  9 |  0 |  5 | 11 |  0 | 13 |  0 |  0 |  0 |  0 |  0 |  0 |  0 |  0 |  0 |
----------
STEP 21:
IP= 1, IS= 9, R0= 4, R1= 0
address: |  0 |  1 |  2 |  3 |  4 |  5 |  6 |  7 |  8 |  9 | 10 | 11 | 12 | 13 | 14 | 15 |
  value: |  3 |  9 |  0 |  5 | 11 |  0 | 13 |  0 |  0 |  0 |  0 |  0 |  0 |  0 |  0 |  0 |
----------
STEP 22:
IP= 3, IS= 5, R0= 3, R1= 0
address: |  0 |  1 |  2 |  3 |  4 |  5 |  6 |  7 |  8 |  9 | 10 | 11 | 12 | 13 | 14 | 15 |
  value: |  3 |  9 |  0 |  5 | 11 |  0 | 13 |  0 |  0 |  0 |  0 |  0 |  0 |  0 |  0 |  0 |
----------
STEP 23:
IP= 4, IS=11, R0= 2, R1= 0
address: |  0 |  1 |  2 |  3 |  4 |  5 |  6 |  7 |  8 |  9 | 10 | 11 | 12 | 13 | 14 | 15 |
  value: |  3 |  9 |  0 |  5 | 11 |  0 | 13 |  0 |  0 |  0 |  0 |  0 |  0 |  0 |  0 |  0 |
----------
STEP 24:
IP= 6, IS=13, R0= 2, R1= 0
address: |  0 |  1 |  2 |  3 |  4 |  5 |  6 |  7 |  8 |  9 | 10 | 11 | 12 | 13 | 14 | 15 |
  value: |  2 |  9 |  0 |  5 | 11 |  0 | 13 |  0 |  0 |  0 |  0 |  0 |  0 |  0 |  0 |  0 |
----------
STEP 25:
IP= 0, IS= 2, R0= 2, R1= 0
address: |  0 |  1 |  2 |  3 |  4 |  5 |  6 |  7 |  8 |  9 | 10 | 11 | 12 | 13 | 14 | 15 |
  value: |  2 |  9 |  0 |  5 | 11 |  0 | 13 |  0 |  0 |  0 |  0 |  0 |  0 |  0 |  0 |  0 |
----------
STEP 26:
IP= 1, IS= 9, R0= 2, R1= 0
address: |  0 |  1 |  2 |  3 |  4 |  5 |  6 |  7 |  8 |  9 | 10 | 11 | 12 | 13 | 14 | 15 |
  value: |  2 |  9 |  0 |  5 | 11 |  0 | 13 |  0 |  0 |  0 |  0 |  0 |  0 |  0 |  0 |  0 |
----------
STEP 27:
IP= 3, IS= 5, R0= 2, R1= 0
address: |  0 |  1 |  2 |  3 |  4 |  5 |  6 |  7 |  8 |  9 | 10 | 11 | 12 | 13 | 14 | 15 |
  value: |  2 |  9 |  0 |  5 | 11 |  0 | 13 |  0 |  0 |  0 |  0 |  0 |  0 |  0 |  0 |  0 |
----------
STEP 28:
IP= 4, IS=11, R0= 1, R1= 0
address: |  0 |  1 |  2 |  3 |  4 |  5 |  6 |  7 |  8 |  9 | 10 | 11 | 12 | 13 | 14 | 15 |
  value: |  2 |  9 |  0 |  5 | 11 |  0 | 13 |  0 |  0 |  0 |  0 |  0 |  0 |  0 |  0 |  0 |
----------
STEP 29:
IP= 6, IS=13, R0= 1, R1= 0
address: |  0 |  1 |  2 |  3 |  4 |  5 |  6 |  7 |  8 |  9 | 10 | 11 | 12 | 13 | 14 | 15 |
  value: |  1 |  9 |  0 |  5 | 11 |  0 | 13 |  0 |  0 |  0 |  0 |  0 |  0 |  0 |  0 |  0 |
----------
STEP 30:
IP= 0, IS= 1, R0= 1, R1= 0
address: |  0 |  1 |  2 |  3 |  4 |  5 |  6 |  7 |  8 |  9 | 10 | 11 | 12 | 13 | 14 | 15 |
  value: |  1 |  9 |  0 |  5 | 11 |  0 | 13 |  0 |  0 |  0 |  0 |  0 |  0 |  0 |  0 |  0 |
----------
STEP 31:
IP= 1, IS= 9, R0= 1, R1= 0
address: |  0 |  1 |  2 |  3 |  4 |  5 |  6 |  7 |  8 |  9 | 10 | 11 | 12 | 13 | 14 | 15 |
  value: |  1 |  9 |  0 |  5 | 11 |  0 | 13 |  0 |  0 |  0 |  0 |  0 |  0 |  0 |  0 |  0 |
----------
STEP 32:
IP= 3, IS= 5, R0= 1, R1= 0
address: |  0 |  1 |  2 |  3 |  4 |  5 |  6 |  7 |  8 |  9 | 10 | 11 | 12 | 13 | 14 | 15 |
  value: |  1 |  9 |  0 |  5 | 11 |  0 | 13 |  0 |  0 |  0 |  0 |  0 |  0 |  0 |  0 |  0 |
----------
STEP 33:
IP= 4, IS=11, R0= 0, R1= 0
address: |  0 |  1 |  2 |  3 |  4 |  5 |  6 |  7 |  8 |  9 | 10 | 11 | 12 | 13 | 14 | 15 |
  value: |  1 |  9 |  0 |  5 | 11 |  0 | 13 |  0 |  0 |  0 |  0 |  0 |  0 |  0 |  0 |  0 |
----------
STEP 34:
IP= 6, IS=13, R0= 0, R1= 0
address: |  0 |  1 |  2 |  3 |  4 |  5 |  6 |  7 |  8 |  9 | 10 | 11 | 12 | 13 | 14 | 15 |
  value: |  0 |  9 |  0 |  5 | 11 |  0 | 13 |  0 |  0 |  0 |  0 |  0 |  0 |  0 |  0 |  0 |
----------
STEP 35:
IP= 0, IS= 0, R0= 0, R1= 0
address: |  0 |  1 |  2 |  3 |  4 |  5 |  6 |  7 |  8 |  9 | 10 | 11 | 12 | 13 | 14 | 15 |
  value: |  0 |  9 |  0 |  5 | 11 |  0 | 13 |  0 |  0 |  0 |  0 |  0 |  0 |  0 |  0 |  0 |
----------
