STEP 0:
IP= 0, IS=10, R0= 0, R1= 0
address: |  0 |  1 |  2 |  3 |  4 |  5 |  6 |  7 |  8 |  9 | 10 | 11 | 12 | 13 | 14 | 15 |
  value: | 10 |  1 |  1 |  1 |  1 |  1 |  1 |  1 |  1 |  1 |  1 | 11 | 14 |  8 |  0 |  0 |
----------
STEP 1:
IP= 2, IS= 1, R0= 0, R1= 1
address: |  0 |  1 |  2 |  3 |  4 |  5 |  6 |  7 |  8 |  9 | 10 | 11 | 12 | 13 | 14 | 15 |
  value: | 10 |  1 |  1 |  1 |  1 |  1 |  1 |  1 |  1 |  1 |  1 | 11 | 14 |  8 |  0 |  0 |
----------
STEP 2:
IP= 3, IS= 1, R0= 1, R1= 1
address: |  0 |  1 |  2 |  3 |  4 |  5 |  6 |  7 |  8 |  9 | 10 | 11 | 12 | 13 | 14 | 15 |
  value: | 10 |  1 |  1 |  1 |  1 |  1 |  1 |  1 |  1 |  1 |  1 | 11 | 14 |  8 |  0 |  0 |
----------
STEP 3:
IP= 4, IS= 1, R0= 2, R1= 1
address: |  0 |  1 |  2 |  3 |  4 |  5 |  6 |  7 |  8 |  9 | 10 | 11 | 12 | 13 | 14 | 15 |
  value: | 10 |  1 |  1 |  1 |  1 |  1 |  1 |  1 |  1 |  1 |  1 | 11 | 14 |  8 |  0 |  0 |
----------
STEP 4:
IP= 5, IS= 1, R0= 3, R1= 1
address: |  0 |  1 |  2 |  3 |  4 |  5 |  6 |  7 |  8 |  9 | 10 | 11 | 12 | 13 | 14 | 15 |
  value: | 10 |  1 |  1 |  1 |  1 |  1 |  1 |  1 |  1 |  1 |  1 | 11 | 14 |  8 |  0 |  0 |
----------
STEP 5:
IP= 6, IS= 1, R0= 4, R1= 1
address: |  0 |  1 |  2 |  3 |  4 |  5 |  6 |  7 |  8 |  9 | 10 | 11 | 12 | 13 | 14 | 15 |
  value: | 10 |  1 |  1 |  1 |  1 |  1 |  1 |  1 |  1 |  1 |  1 | 11 | 14 |  8 |  0 |  0 |
----------
STEP 6:
IP= 7, IS= 1, R0= 5, R1= 1
address: |  0 |  1 |  2 |  3 |  4 |  5 |  6 |  7 |  8 |  9 | 10 | 11 | 12 | 13 | 14 | 15 |
  value: | 10 |  1 |  1 |  1 |  1 |  1 |  1 |  1 |  1 |  1 |  1 | 11 | 14 |  8 |  0 |  0 |
----------
STEP 7:
IP= 8, IS= 1, R0= 6, R1= 1
address: |  0 |  1 |  2 |  3 |  4 |  5 |  6 |  7 |  8 |  9 | 10 | 11 | 12 | 13 | 14 | 15 |
  value: | 10 |  1 |  1 |  1 |  1 |  1 |  1 |  1 |  1 |  1 |  1 | 11 | 14 |  8 |  0 |  0 |
----------
STEP 8:
IP= 9, IS= 1, R0= 7, R1= 1
address: |  0 |  1 |  2 |  3 |  4 |  5 |  6 |  7 |  8 |  9 | 10 | 11 | 12 | 13 | 14 | 15 |
  value: | 10 |  1 |  1 |  1 |  1 |  1 |  1 |  1 |  1 |  1 |  1 | 11 | 14 |  8 |  0 |  0 |
----------
STEP 9:
IP=10, IS= 1, R0= 8, R1= 1
address: |  0 |  1 |  2 |  3 |  4 |  5 |  6 |  7 |  8 |  9 | 10 | 11 | 12 | 13 | 14 | 15 |
  value: | 10 |  1 |  1 |  1 |  1 |  1 |  1 |  1 |  1 |  1 |  1 | 11 | 14 |  8 |  0 |  0 |
----------
STEP 10:
IP=11, IS=11, R0= 9, R1= 1
address: |  0 |  1 |  2 |  3 |  4 |  5 |  6 |  7 |  8 |  9 | 10 | 11 | 12 | 13 | 14 | 15 |
  value: | 10 |  1 |  1 |  1 |  1 |  1 |  1 |  1 |  1 |  1 |  1 | 11 | 14 |  8 |  0 |  0 |
----------
STEP 11:
IP=13, IS= 8, R0= 9, R1= 1
address: |  0 |  1 |  2 |  3 |  4 |  5 |  6 |  7 |  8 |  9 | 10 | 11 | 12 | 13 | 14 | 15 |
  value: | 10 |  1 |  1 |  1 |  1 |  1 |  1 |  1 |  1 |  1 |  1 | 11 | 14 |  8 |  9 |  0 |
----------
9
STEP 12:
IP=15, IS= 0, R0= 9, R1= 1
address: |  0 |  1 |  2 |  3 |  4 |  5 |  6 |  7 |  8 |  9 | 10 | 11 | 12 | 13 | 14 | 15 |
  value: | 10 |  1 |  1 |  1 |  1 |  1 |  1 |  1 |  1 |  1 |  1 | 11 | 14 |  8 |  9 |  0 |
----------
