STEP 0:
IP= 0, IS=10, R0= 0, R1= 0
address: |  0 |  1 |  2 |  3 |  4 |  5 |  6 |  7 |  8 |  9 | 10 | 11 | 12 | 13 | 14 | 15 |
  value: | 10 | 15 |  9 |  8 |  1 | 11 |  8 |  8 |  0 |  9 | 15 |  5 | 11 | 15 |  7 |  5 |
----------
STEP 1:
IP= 2, IS= 9, R0= 0, R1= 5
address: |  0 |  1 |  2 |  3 |  4 |  5 |  6 |  7 |  8 |  9 | 10 | 11 | 12 | 13 | 14 | 15 |
  value: | 10 | 15 |  9 |  8 |  1 | 11 |  8 |  8 |  0 |  9 | 15 |  5 | 11 | 15 |  7 |  5 |
----------
STEP 2:
IP= 4, IS= 1, R0= 0, R1= 5
address: |  0 |  1 |  2 |  3 |  4 |  5 |  6 |  7 |  8 |  9 | 10 | 11 | 12 | 13 | 14 | 15 |
  value: | 10 | 15 |  9 |  8 |  1 | 11 |  8 |  8 |  0 |  9 | 15 |  5 | 11 | 15 |  7 |  5 |
----------
STEP 3:
IP= 5, IS=11, R0= 5, R1= 5
address: |  0 |  1 |  2 |  3 |  4 |  5 |  6 |  7 |  8 |  9 | 10 | 11 | 12 | 13 | 14 | 15 |
  value: | 10 | 15 |  9 |  8 |  1 | 11 |  8 |  8 |  0 |  9 | 15 |  5 | 11 | 15 |  7 |  5 |
----------
STEP 4:
IP= 7, IS= 8, R0= 5, R1= 5
address: |  0 |  1 |  2 |  3 |  4 |  5 |  6 |  7 |  8 |  9 | 10 | 11 | 12 | 13 | 14 | 15 |
  value: | 10 | 15 |  9 |  8 |  1 | 11 |  8 |  8 |  5 |  9 | 15 |  5 | 11 | 15 |  7 |  5 |
----------
5
STEP 5:
IP= 9, IS= 9, R0= 5, R1= 5
address: |  0 |  1 |  2 |  3 |  4 |  5 |  6 |  7 |  8 |  9 | 10 | 11 | 12 | 13 | 14 | 15 |
  value: | 10 | 15 |  9 |  8 |  1 | 11 |  8 |  8 |  5 |  9 | 15 |  5 | 11 | 15 |  7 |  5 |
----------
STEP 6:
IP=11, IS= 5, R0= 5, R1= 5
address: |  0 |  1 |  2 |  3 |  4 |  5 |  6 |  7 |  8 |  9 | 10 | 11 | 12 | 13 | 14 | 15 |
  value: | 10 | 15 |  9 |  8 |  1 | 11 |  8 |  8 |  5 |  9 | 15 |  5 | 11 | 15 |  7 |  5 |
----------
STEP 7:
IP=12, IS=11, R0= 4, R1= 5
address: |  0 |  1 |  2 |  3 |  4 |  5 |  6 |  7 |  8 |  9 | 10 | 11 | 12 | 13 | 14 | 15 |
  value: | 10 | 15 |  9 |  8 |  1 | 11 |  8 |  8 |  5 |  9 | 15 |  5 | 11 | 15 |  7 |  5 |
----------
STEP 8:
IP=14, IS= 7, R0= 4, R1= 5
address: |  0 |  1 |  2 |  3 |  4 |  5 |  6 |  7 |  8 |  9 | 10 | 11 | 12 | 13 | 14 | 15 |
  value: | 10 | 15 |  9 |  8 |  1 | 11 |  8 |  8 |  5 |  9 | 15 |  5 | 11 | 15 |  7 |  4 |
----------
STEP 9:
IP=15, IS= 4, R0= 4, R1= 5
address: |  0 |  1 |  2 |  3 |  4 |  5 |  6 |  7 |  8 |  9 | 10 | 11 | 12 | 13 | 14 | 15 |
  value: | 10 | 15 |  9 |  8 |  1 | 11 |  8 |  8 |  5 |  9 | 15 |  5 | 11 | 15 |  7 |  4 |
----------
STEP 10:
IP= 0, IS=10, R0= 4, R1= 6
address: |  0 |  1 |  2 |  3 |  4 |  5 |  6 |  7 |  8 |  9 | 10 | 11 | 12 | 13 | 14 | 15 |
  value: | 10 | 15 |  9 |  8 |  1 | 11 |  8 |  8 |  5 |  9 | 15 |  5 | 11 | 15 |  7 |  4 |
----------
STEP 11:
IP= 2, IS= 9, R0= 4, R1= 4
address: |  0 |  1 |  2 |  3 |  4 |  5 |  6 |  7 |  8 |  9 | 10 | 11 | 12 | 13 | 14 | 15 |
  value: | 10 | 15 |  9 |  8 |  1 | 11 |  8 |  8 |  5 |  9 | 15 |  5 | 11 | 15 |  7 |  4 |
----------
STEP 12:
IP= 4, IS= 1, R0= 5, R1= 4
address: |  0 |  1 |  2 |  3 |  4 |  5 |  6 |  7 |  8 |  9 | 10 | 11 | 12 | 13 | 14 | 15 |
  value: | 10 | 15 |  9 |  8 |  1 | 11 |  8 |  8 |  5 |  9 | 15 |  5 | 11 | 15 |  7 |  4 |
----------
STEP 13:
IP= 5, IS=11, R0= 9, R1= 4
address: |  0 |  1 |  2 |  3 |  4 |  5 |  6 |  7 |  8 |  9 | 10 | 11 | 12 | 13 | 14 | 15 |
  value: | 10 | 15 |  9 |  8 |  1 | 11 |  8 |  8 |  5 |  9 | 15 |  5 | 11 | 15 |  7 |  4 |
----------
STEP 14:
IP= 7, IS= 8, R0= 9, R1= 4
address: |  0 |  1 |  2 |  3 |  4 |  5 |  6 |  7 |  8 |  9 | 10 | 11 | 12 | 13 | 14 | 15 |
  value: | 10 | 15 |  9 |  8 |  1 | 11 |  8 |  8 |  9 |  9 | 15 |  5 | 11 | 15 |  7 |  4 |
----------
9
STEP 15:
IP= 9, IS= 9, R0= 9, R1= 4
address: |  0 |  1 |  2 |  3 |  4 |  5 |  6 |  7 |  8 |  9 | 10 | 11 | 12 | 13 | 14 | 15 |
  value: | 10 | 15 |  9 |  8 |  1 | 11 |  8 |  8 |  9 |  9 | 15 |  5 | 11 | 15 |  7 |  4 |
----------
STEP 16:
IP=11, IS= 5, R0= 4, R1= 4
address: |  0 |  1 |  2 |  3 |  4 |  5 |  6 |  7 |  8 |  9 | 10 | 11 | 12 | 13 | 14 | 15 |
  value: | 10 | 15 |  9 |  8 |  1 | 11 |  8 |  8 |  9 |  9 | 15 |  5 | 11 | 15 |  7 |  4 |
----------
STEP 17:
IP=12, IS=11, R0= 3, R1= 4
address: |  0 |  1 |  2 |  3 |  4 |  5 |  6 |  7 |  8 |  9 | 10 | 11 | 12 | 13 | 14 | 15 |
  value: | 10 | 15 |  9 |  8 |  1 | 11 |  8 |  8 |  9 |  9 | 15 |  5 | 11 | 15 |  7 |  4 |
----------
STEP 18:
IP=14, IS= 7, R0= 3, R1= 4
address: |  0 |  1 |  2 |  3 |  4 |  5 |  6 |  7 |  8 |  9 | 10 | 11 | 12 | 13 | 14 | 15 |
  value: | 10 | 15 |  9 |  8 |  1 | 11 |  8 |  8 |  9 |  9 | 15 |  5 | 11 | 15 |  7 |  3 |
----------
STEP 19:
IP=15, IS= 3, R0= 3, R1= 4
address: |  0 |  1 |  2 |  3 |  4 |  5 |  6 |  7 |  8 |  9 | 10 | 11 | 12 | 13 | 14 | 15 |
  value: | 10 | 15 |  9 |  8 |  1 | 11 |  8 |  8 |  9 |  9 | 15 |  5 | 11 | 15 |  7 |  3 |
----------
STEP 20:
IP= 0, IS=10, R0= 4, R1= 4
address: |  0 |  1 |  2 |  3 |  4 |  5 |  6 |  7 |  8 |  9 | 10 | 11 | 12 | 13 | 14 | 15 |
  value: | 10 | 15 |  9 |  8 |  1 | 11 |  8 |  8 |  9 |  9 | 15 |  5 | 11 | 15 |  7 |  3 |
----------
STEP 21:
IP= 2, IS= 9, R0= 4, R1= 3
address: |  0 |  1 |  2 |  3 |  4 |  5 |  6 |  7 |  8 |  9 | 10 | 11 | 12 | 13 | 14 | 15 |
  value: | 10 | 15 |  9 |  8 |  1 | 11 |  8 |  8 |  9 |  9 | 15 |  5 | 11 | 15 |  7 |  3 |
----------
STEP 22:
IP= 4, IS= 1, R0= 9, R1= 3
address: |  0 |  1 |  2 |  3 |  4 |  5 |  6 |  7 |  8 |  9 | 10 | 11 | 12 | 13 | 14 | 15 |
  value: | 10 | 15 |  9 |  8 |  1 | 11 |  8 |  8 |  9 |  9 | 15 |  5 | 11 | 15 |  7 |  3 |
----------
STEP 23:
IP= 5, IS=11, R0=12, R1= 3
address: |  0 |  1 |  2 |  3 |  4 |  5 |  6 |  7 |  8 |  9 | 10 | 11 | 12 | 13 | 14 | 15 |
  value: | 10 | 15 |  9 |  8 |  1 | 11 |  8 |  8 |  9 |  9 | 15 |  5 | 11 | 15 |  7 |  3 |
----------
STEP 24:
IP= 7, IS= 8, R0=12, R1= 3
address: |  0 |  1 |  2 |  3 |  4 |  5 |  6 |  7 |  8 |  9 | 10 | 11 | 12 | 13 | 14 | 15 |
  value: | 10 | 15 |  9 |  8 |  1 | 11 |  8 |  8 | 12 |  9 | 15 |  5 | 11 | 15 |  7 |  3 |
----------
12
STEP 25:
IP= 9, IS= 9, R0=12, R1= 3
address: |  0 |  1 |  2 |  3 |  4 |  5 |  6 |  7 |  8 |  9 | 10 | 11 | 12 | 13 | 14 | 15 |
  value: | 10 | 15 |  9 |  8 |  1 | 11 |  8 |  8 | 12 |  9 | 15 |  5 | 11 | 15 |  7 |  3 |
----------
STEP 26:
IP=11, IS= 5, R0= 3, R1= 3
address: |  0 |  1 |  2 |  3 |  4 |  5 |  6 |  7 |  8 |  9 | 10 | 11 | 12 | 13 | 14 | 15 |
  value: | 10 | 15 |  9 |  8 |  1 | 11 |  8 |  8 | 12 |  9 | 15 |  5 | 11 | 15 |  7 |  3 |
----------
STEP 27:
IP=12, IS=11, R0= 2, R1= 3
address: |  0 |  1 |  2 |  3 |  4 |  5 |  6 |  7 |  8 |  9 | 10 | 11 | 12 | 13 | 14 | 15 |
  value: | 10 | 15 |  9 |  8 |  1 | 11 |  8 |  8 | 12 |  9 | 15 |  5 | 11 | 15 |  7 |  3 |
----------
STEP 28:
IP=14, IS= 7, R0= 2, R1= 3
address: |  0 |  1 |  2 |  3 |  4 |  5 |  6 |  7 |  8 |  9 | 10 | 11 | 12 | 13 | 14 | 15 |
  value: | 10 | 15 |  9 |  8 |  1 | 11 |  8 |  8 | 12 |  9 | 15 |  5 | 11 | 15 |  7 |  2 |
----------
STEP 29:
IP=15, IS= 2, R0= 2, R1= 3
address: |  0 |  1 |  2 |  3 |  4 |  5 |  6 |  7 |  8 |  9 | 10 | 11 | 12 | 13 | 14 | 15 |
  value: | 10 | 15 |  9 |  8 |  1 | 11 |  8 |  8 | 12 |  9 | 15 |  5 | 11 | 15 |  7 |  2 |
----------
STEP 30:
IP= 0, IS=10, R0=15, R1= 3
address: |  0 |  1 |  2 |  3 |  4 |  5 |  6 |  7 |  8 |  9 | 10 | 11 | 12 | 13 | 14 | 15 |
  value: | 10 | 15 |  9 |  8 |  1 | 11 |  8 |  8 | 12 |  9 | 15 |  5 | 11 | 15 |  7 |  2 |
----------
STEP 31:
IP= 2, IS= 9, R0=15, R1= 2
address: |  0 |  1 |  2 |  3 |  4 |  5 |  6 |  7 |  8 |  9 | 10 | 11 | 12 | 13 | 14 | 15 |
  value: | 10 | 15 |  9 |  8 |  1 | 11 |  8 |  8 | 12 |  9 | 15 |  5 | 11 | 15 |  7 |  2 |
----------
STEP 32:
IP= 4, IS= 1, R0=12, R1= 2
address: |  0 |  1 |  2 |  3 |  4 |  5 |  6 |  7 |  8 |  9 | 10 | 11 | 12 | 13 | 14 | 15 |
  value: | 10 | 15 |  9 |  8 |  1 | 11 |  8 |  8 | 12 |  9 | 15 |  5 | 11 | 15 |  7 |  2 |
----------
STEP 33:
IP= 5, IS=11, R0=14, R1= 2
address: |  0 |  1 |  2 |  3 |  4 |  5 |  6 |  7 |  8 |  9 | 10 | 11 | 12 | 13 | 14 | 15 |
  value: | 10 | 15 |  9 |  8 |  1 | 11 |  8 |  8 | 12 |  9 | 15 |  5 | 11 | 15 |  7 |  2 |
----------
STEP 34:
IP= 7, IS= 8, R0=14, R1= 2
address: |  0 |  1 |  2 |  3 |  4 |  5 |  6 |  7 |  8 |  9 | 10 | 11 | 12 | 13 | 14 | 15 |
  value: | 10 | 15 |  9 |  8 |  1 | 11 |  8 |  8 | 14 |  9 | 15 |  5 | 11 | 15 |  7 |  2 |
----------
14
STEP 35:
IP= 9, IS= 9, R0=14, R1= 2
address: |  0 |  1 |  2 |  3 |  4 |  5 |  6 |  7 |  8 |  9 | 10 | 11 | 12 | 13 | 14 | 15 |
  value: | 10 | 15 |  9 |  8 |  1 | 11 |  8 |  8 | 14 |  9 | 15 |  5 | 11 | 15 |  7 |  2 |
----------
STEP 36:
IP=11, IS= 5, R0= 2, R1= 2
address: |  0 |  1 |  2 |  3 |  4 |  5 |  6 |  7 |  8 |  9 | 10 | 11 | 12 | 13 | 14 | 15 |
  value: | 10 | 15 |  9 |  8 |  1 | 11 |  8 |  8 | 14 |  9 | 15 |  5 | 11 | 15 |  7 |  2 |
----------
STEP 37:
IP=12, IS=11, R0= 1, R1= 2
address: |  0 |  1 |  2 |  3 |  4 |  5 |  6 |  7 |  8 |  9 | 10 | 11 | 12 | 13 | 14 | 15 |
  value: | 10 | 15 |  9 |  8 |  1 | 11 |  8 |  8 | 14 |  9 | 15 |  5 | 11 | 15 |  7 |  2 |
----------
STEP 38:
IP=14, IS= 7, R0= 1, R1= 2
address: |  0 |  1 |  2 |  3 |  4 |  5 |  6 |  7 |  8 |  9 | 10 | 11 | 12 | 13 | 14 | 15 |
  value: | 10 | 15 |  9 |  8 |  1 | 11 |  8 |  8 | 14 |  9 | 15 |  5 | 11 | 15 |  7 |  1 |
----------
STEP 39:
IP=15, IS= 1, R0= 1, R1= 2
address: |  0 |  1 |  2 |  3 |  4 |  5 |  6 |  7 |  8 |  9 | 10 | 11 | 12 | 13 | 14 | 15 |
  value: | 10 | 15 |  9 |  8 |  1 | 11 |  8 |  8 | 14 |  9 | 15 |  5 | 11 | 15 |  7 |  1 |
----------
STEP 40:
IP= 0, IS=10, R0= 3, R1= 2
address: |  0 |  1 |  2 |  3 |  4 |  5 |  6 |  7 |  8 |  9 | 10 | 11 | 12 | 13 | 14 | 15 |
  value: | 10 | 15 |  9 |  8 |  1 | 11 |  8 |  8 | 14 |  9 | 15 |  5 | 11 | 15 |  7 |  1 |
----------
STEP 41:
IP= 2, IS= 9, R0= 3, R1= 1
address: |  0 |  1 |  2 |  3 |  4 |  5 |  6 |  7 |  8 |  9 | 10 | 11 | 12 | 13 | 14 | 15 |
  value: | 10 | 15 |  9 |  8 |  1 | 11 |  8 |  8 | 14 |  9 | 15 |  5 | 11 | 15 |  7 |  1 |
----------
STEP 42:
IP= 4, IS= 1, R0=14, R1= 1
address: |  0 |  1 |  2 |  3 |  4 |  5 |  6 |  7 |  8 |  9 | 10 | 11 | 12 | 13 | 14 | 15 |
  value: | 10 | 15 |  9 |  8 |  1 | 11 |  8 |  8 | 14 |  9 | 15 |  5 | 11 | 15 |  7 |  1 |
----------
STEP 43:
IP= 5, IS=11, R0=15, R1= 1
address: |  0 |  1 |  2 |  3 |  4 |  5 |  6 |  7 |  8 |  9 | 10 | 11 | 12 | 13 | 14 | 15 |
  value: | 10 | 15 |  9 |  8 |  1 | 11 |  8 |  8 | 14 |  9 | 15 |  5 | 11 | 15 |  7 |  1 |
----------
STEP 44:
IP= 7, IS= 8, R0=15, R1= 1
address: |  0 |  1 |  2 |  3 |  4 |  5 |  6 |  7 |  8 |  9 | 10 | 11 | 12 | 13 | 14 | 15 |
  value: | 10 | 15 |  9 |  8 |  1 | 11 |  8 |  8 | 15 |  9 | 15 |  5 | 11 | 15 |  7 |  1 |
----------
15
STEP 45:
IP= 9, IS= 9, R0=15, R1= 1
address: |  0 |  1 |  2 |  3 |  4 |  5 |  6 |  7 |  8 |  9 | 10 | 11 | 12 | 13 | 14 | 15 |
  value: | 10 | 15 |  9 |  8 |  1 | 11 |  8 |  8 | 15 |  9 | 15 |  5 | 11 | 15 |  7 |  1 |
----------
STEP 46:
IP=11, IS= 5, R0= 1, R1= 1
address: |  0 |  1 |  2 |  3 |  4 |  5 |  6 |  7 |  8 |  9 | 10 | 11 | 12 | 13 | 14 | 15 |
  value: | 10 | 15 |  9 |  8 |  1 | 11 |  8 |  8 | 15 |  9 | 15 |  5 | 11 | 15 |  7 |  1 |
----------
STEP 47:
IP=12, IS=11, R0= 0, R1= 1
address: |  0 |  1 |  2 |  3 |  4 |  5 |  6 |  7 |  8 |  9 | 10 | 11 | 12 | 13 | 14 | 15 |
  value: | 10 | 15 |  9 |  8 |  1 | 11 |  8 |  8 | 15 |  9 | 15 |  5 | 11 | 15 |  7 |  1 |
----------
STEP 48:
IP=14, IS= 7, R0= 0, R1= 1
address: |  0 |  1 |  2 |  3 |  4 |  5 |  6 |  7 |  8 |  9 | 10 | 11 | 12 | 13 | 14 | 15 |
  value: | 10 | 15 |  9 |  8 |  1 | 11 |  8 |  8 | 15 |  9 | 15 |  5 | 11 | 15 |  7 |  0 |
----------
STEP 49:
IP=15, IS= 0, R0= 0, R1= 1
address: |  0 |  1 |  2 |  3 |  4 |  5 |  6 |  7 |  8 |  9 | 10 | 11 | 12 | 13 | 14 | 15 |
  value: | 10 | 15 |  9 |  8 |  1 | 11 |  8 |  8 | 15 |  9 | 15 |  5 | 11 | 15 |  7 |  0 |
----------
