STEP 0:
IP= 0, IS=10, R0= 0, R1= 0
address: |  0 |  1 |  2 |  3 |  4 |  5 |  6 |  7 |  8 |  9 | 10 | 11 | 12 | 13 | 14 | 15 |
  value: | 10 | 11 | 12 |  6 |  4 |  9 |  0 | 15 | 15 | 13 |  2 | 12 |  0 |  0 |  0 |  0 |
----------
STEP 1:
IP= 2, IS=12, R0= 0, R1=12
address: |  0 |  1 |  2 |  3 |  4 |  5 |  6 |  7 |  8 |  9 | 10 | 11 | 12 | 13 | 14 | 15 |
  value: | 10 | 11 | 12 |  6 |  4 |  9 |  0 | 15 | 15 | 13 |  2 | 12 |  0 |  0 |  0 |  0 |
----------
STEP 2:
IP= 4, IS= 4, R0= 0, R1=12
address: |  0 |  1 |  2 |  3 |  4 |  5 |  6 |  7 |  8 |  9 | 10 | 11 | 12 | 13 | 14 | 15 |
  value: | 10 | 11 | 12 |  6 |  4 |  9 | 12 | 15 | 15 | 13 |  2 | 12 |  0 |  0 |  0 |  0 |
----------
STEP 3:
IP= 5, IS= 9, R0= 0, R1=13
address: |  0 |  1 |  2 |  3 |  4 |  5 |  6 |  7 |  8 |  9 | 10 | 11 | 12 | 13 | 14 | 15 |
  value: | 10 | 11 | 12 |  6 |  4 |  9 | 12 | 15 | 15 | 13 |  2 | 12 |  0 |  0 |  0 |  0 |
----------
STEP 4:
IP= 7, IS=15, R0= 0, R1=13
address: |  0 |  1 |  2 |  3 |  4 |  5 |  6 |  7 |  8 |  9 | 10 | 11 | 12 | 13 | 14 | 15 |
  value: | 10 | 11 | 12 |  6 |  4 |  9 | 12 | 15 | 15 | 13 |  2 | 12 |  0 |  0 |  0 |  0 |
----------
STEP 5:
IP= 9, IS=13, R0= 0, R1=13
address: |  0 |  1 |  2 |  3 |  4 |  5 |  6 |  7 |  8 |  9 | 10 | 11 | 12 | 13 | 14 | 15 |
  value: | 10 | 11 | 12 |  6 |  4 |  9 | 12 | 15 | 15 | 13 |  2 | 12 |  0 |  0 |  0 |  0 |
----------
STEP 6:
IP= 2, IS=12, R0= 0, R1=13
address: |  0 |  1 |  2 |  3 |  4 |  5 |  6 |  7 |  8 |  9 | 10 | 11 | 12 | 13 | 14 | 15 |
  value: | 10 | 11 | 12 |  6 |  4 |  9 | 12 | 15 | 15 | 13 |  2 | 12 |  0 |  0 |  0 |  0 |
----------
STEP 7:
IP= 4, IS= 4, R0= 0, R1=13
address: |  0 |  1 |  2 |  3 |  4 |  5 |  6 |  7 |  8 |  9 | 10 | 11 | 12 | 13 | 14 | 15 |
  value: | 10 | 11 | 12 |  6 |  4 |  9 | 13 | 15 | 15 | 13 |  2 | 12 |  0 |  0 |  0 |  0 |
----------
STEP 8:
IP= 5, IS= 9, R0= 0, R1=14
address: |  0 |  1 |  2 |  3 |  4 |  5 |  6 |  7 |  8 |  9 | 10 | 11 | 12 | 13 | 14 | 15 |
  value: | 10 | 11 | 12 |  6 |  4 |  9 | 13 | 15 | 15 | 13 |  2 | 12 |  0 |  0 |  0 |  0 |
----------
STEP 9:
IP= 7, IS=15, R0= 0, R1=14
address: |  0 |  1 |  2 |  3 |  4 |  5 |  6 |  7 |  8 |  9 | 10 | 11 | 12 | 13 | 14 | 15 |
  value: | 10 | 11 | 12 |  6 |  4 |  9 | 13 | 15 | 15 | 13 |  2 | 12 |  0 |  0 |  0 |  0 |
----------
STEP 10:
IP= 9, IS=13, R0= 0, R1=14
address: |  0 |  1 |  2 |  3 |  4 |  5 |  6 |  7 |  8 |  9 | 10 | 11 | 12 | 13 | 14 | 15 |
  value: | 10 | 11 | 12 |  6 |  4 |  9 | 13 | 15 | 15 | 13 |  2 | 12 |  0 |  0 |  0 |  0 |
----------
STEP 11:
IP= 2, IS=12, R0= 0, R1=14
address: |  0 |  1 |  2 |  3 |  4 |  5 |  6 |  7 |  8 |  9 | 10 | 11 | 12 | 13 | 14 | 15 |
  value: | 10 | 11 | 12 |  6 |  4 |  9 | 13 | 15 | 15 | 13 |  2 | 12 |  0 |  0 |  0 |  0 |
----------
STEP 12:
IP= 4, IS= 4, R0= 0, R1=14
address: |  0 |  1 |  2 |  3 |  4 |  5 |  6 |  7 |  8 |  9 | 10 | 11 | 12 | 13 | 14 | 15 |
  value: | 10 | 11 | 12 |  6 |  4 |  9 | 14 | 15 | 15 | 13 |  2 | 12 |  0 |  0 |  0 |  0 |
----------
STEP 13:
IP= 5, IS= 9, R0= 0, R1=15
address: |  0 |  1 |  2 |  3 |  4 |  5 |  6 |  7 |  8 |  9 | 10 | 11 | 12 | 13 | 14 | 15 |
  value: | 10 | 11 | 12 |  6 |  4 |  9 | 14 | 15 | 15 | 13 |  2 | 12 |  0 |  0 |  0 |  0 |
----------
STEP 14:
IP= 7, IS=15, R0= 0, R1=15
address: |  0 |  1 |  2 |  3 |  4 |  5 |  6 |  7 |  8 |  9 | 10 | 11 | 12 | 13 | 14 | 15 |
  value: | 10 | 11 | 12 |  6 |  4 |  9 | 14 | 15 | 15 | 13 |  2 | 12 |  0 |  0 |  0 |  0 |
----------
STEP 15:
IP= 9, IS=13, R0= 0, R1=15
address: |  0 |  1 |  2 |  3 |  4 |  5 |  6 |  7 |  8 |  9 | 10 | 11 | 12 | 13 | 14 | 15 |
  value: | 10 | 11 | 12 |  6 |  4 |  9 | 14 | 15 | 15 | 13 |  2 | 12 |  0 |  0 |  0 |  0 |
----------
STEP 16:
IP= 2, IS=12, R0= 0, R1=15
address: |  0 |  1 |  2 |  3 |  4 |  5 |  6 |  7 |  8 |  9 | 10 | 11 | 12 | 13 | 14 | 15 |
  value: | 10 | 11 | 12 |  6 |  4 |  9 | 14 | 15 | 15 | 13 |  2 | 12 |  0 |  0 |  0 |  0 |
----------
STEP 17:
IP= 4, IS= 4, R0= 0, R1=15
address: |  0 |  1 |  2 |  3 |  4 |  5 |  6 |  7 |  8 |  9 | 10 | 11 | 12 | 13 | 14 | 15 |
  value: | 10 | 11 | 12 |  6 |  4 |  9 | 15 | 15 | 15 | 13 |  2 | 12 |  0 |  0 |  0 |  0 |
----------
STEP 18:
IP= 5, IS= 9, R0= 0, R1= 0
address: |  0 |  1 |  2 |  3 |  4 |  5 |  6 |  7 |  8 |  9 | 10 | 11 | 12 | 13 | 14 | 15 |
  value: | 10 | 11 | 12 |  6 |  4 |  9 | 15 | 15 | 15 | 13 |  2 | 12 |  0 |  0 |  0 |  0 |
----------
STEP 19:
IP= 7, IS=15, R0= 0, R1= 0
address: |  0 |  1 |  2 |  3 |  4 |  5 |  6 |  7 |  8 |  9 | 10 | 11 | 12 | 13 | 14 | 15 |
  value: | 10 | 11 | 12 |  6 |  4 |  9 | 15 | 15 | 15 | 13 |  2 | 12 |  0 |  0 |  0 |  0 |
----------
STEP 20:
IP= 9, IS=13, R0= 0, R1= 0
address: |  0 |  1 |  2 |  3 |  4 |  5 |  6 |  7 |  8 |  9 | 10 | 11 | 12 | 13 | 14 | 15 |
  value: | 10 | 11 | 12 |  6 |  4 |  9 | 15 | 15 | 15 | 13 |  2 | 12 |  0 |  0 |  0 |  0 |
----------
STEP 21:
IP= 2, IS=12, R0= 0, R1= 0
address: |  0 |  1 |  2 |  3 |  4 |  5 |  6 |  7 |  8 |  9 | 10 | 11 | 12 | 13 | 14 | 15 |
  value: | 10 | 11 | 12 |  6 |  4 |  9 | 15 | 15 | 15 | 13 |  2 | 12 |  0 |  0 |  0 |  0 |
----------
STEP 22:
IP= 4, IS= 4, R0= 0, R1= 0
address: |  0 |  1 |  2 |  3 |  4 |  5 |  6 |  7 |  8 |  9 | 10 | 11 | 12 | 13 | 14 | 15 |
  value: | 10 | 11 | 12 |  6 |  4 |  9 |  0 | 15 | 15 | 13 |  2 | 12 |  0 |  0 |  0 |  0 |
----------
STEP 23:
IP= 5, IS= 9, R0= 0, R1= 1
address: |  0 |  1 |  2 |  3 |  4 |  5 |  6 |  7 |  8 |  9 | 10 | 11 | 12 | 13 | 14 | 15 |
  value: | 10 | 11 | 12 |  6 |  4 |  9 |  0 | 15 | 15 | 13 |  2 | 12 |  0 |  0 |  0 |  0 |
----------
STEP 24:
IP= 7, IS=15, R0=10, R1= 1
address: |  0 |  1 |  2 |  3 |  4 |  5 |  6 |  7 |  8 |  9 | 10 | 11 | 12 | 13 | 14 | 15 |
  value: | 10 | 11 | 12 |  6 |  4 |  9 |  0 | 15 | 15 | 13 |  2 | 12 |  0 |  0 |  0 |  0 |
----------
STEP 25:
IP=15, IS= 0, R0=10, R1= 1
address: |  0 |  1 |  2 |  3 |  4 |  5 |  6 |  7 |  8 |  9 | 10 | 11 | 12 | 13 | 14 | 15 |
  value: | 10 | 11 | 12 |  6 |  4 |  9 |  0 | 15 | 15 | 13 |  2 | 12 |  0 |  0 |  0 |  0 |
----------
