STEP 0:
IP= 0, IS=14, R0= 0, R1= 0
address: |  0 |  1 |  2 |  3 |  4 |  5 |  6 |  7 |  8 |  9 | 10 | 11 | 12 | 13 | 14 | 15 |
  value: | 14 |  3 | 15 |  3 | 13 |  5 | 15 | 10 | 14 | 11 |  8 |  7 |  0 |  0 |  0 |  0 |
----------
STEP 1:
IP= 3, IS= 3, R0= 0, R1= 0
address: |  0 |  1 |  2 |  3 |  4 |  5 |  6 |  7 |  8 |  9 | 10 | 11 | 12 | 13 | 14 | 15 |
  value: | 14 |  3 | 15 |  3 | 13 |  5 | 15 | 10 | 14 | 11 |  8 |  7 |  0 |  0 |  0 |  0 |
----------
STEP 2:
IP= 4, IS=13, R0= 1, R1= 0
address: |  0 |  1 |  2 |  3 |  4 |  5 |  6 |  7 |  8 |  9 | 10 | 11 | 12 | 13 | 14 | 15 |
  value: | 14 |  3 | 15 |  3 | 13 |  5 | 15 | 10 | 14 | 11 |  8 |  7 |  0 |  0 |  0 |  0 |
----------
STEP 3:
IP= 5, IS= 5, R0= 1, R1= 0
address: |  0 |  1 |  2 |  3 |  4 |  5 |  6 |  7 |  8 |  9 | 10 | 11 | 12 | 13 | 14 | 15 |
  value: | 14 |  3 | 15 |  3 | 13 |  5 | 15 | 10 | 14 | 11 |  8 |  7 |  0 |  0 |  0 |  0 |
----------
STEP 4:
IP= 6, IS=15, R0= 0, R1= 0
address: |  0 |  1 |  2 |  3 |  4 |  5 |  6 |  7 |  8 |  9 | 10 | 11 | 12 | 13 | 14 | 15 |
  value: | 14 |  3 | 15 |  3 | 13 |  5 | 15 | 10 | 14 | 11 |  8 |  7 |  0 |  0 |  0 |  0 |
----------
STEP 5:
IP= 8, IS=14, R0= 0, R1= 0
address: |  0 |  1 |  2 |  3 |  4 |  5 |  6 |  7 |  8 |  9 | 10 | 11 | 12 | 13 | 14 | 15 |
  value: | 14 |  3 | 15 |  3 | 13 |  5 | 15 | 10 | 14 | 11 |  8 |  7 |  0 |  0 |  0 |  0 |
----------
STEP 6:
IP=11, IS= 7, R0= 0, R1= 0
address: |  0 |  1 |  2 |  3 |  4 |  5 |  6 |  7 |  8 |  9 | 10 | 11 | 12 | 13 | 14 | 15 |
  value: | 14 |  3 | 15 |  3 | 13 |  5 | 15 | 10 | 14 | 11 |  8 |  7 |  0 |  0 |  0 |  0 |
----------
STEP 7:
IP=12, IS= 0, R0= 0, R1= 0
address: |  0 |  1 |  2 |  3 |  4 |  5 |  6 |  7 |  8 |  9 | 10 | 11 | 12 | 13 | 14 | 15 |
  value: | 14 |  3 | 15 |  3 | 13 |  5 | 15 | 10 | 14 | 11 |  8 |  7 |  0 |  0 |  0 |  0 |
----------
