STEP 0:
IP= 0, IS=15, R0= 0, R1= 0
address: |  0 |  1 |  2 |  3 |  4 |  5 |  6 |  7 |  8 |  9 | 10 | 11 | 12 | 13 | 14 | 15 |
  value: | 15 |  2 |  9 | 12 | 10 | 13 |  1 | 11 |  1 | 13 |  0 |  0 |  6 |  7 |  0 |  0 |
----------
STEP 1:
IP= 2, IS= 9, R0= 0, R1= 0
address: |  0 |  1 |  2 |  3 |  4 |  5 |  6 |  7 |  8 |  9 | 10 | 11 | 12 | 13 | 14 | 15 |
  value: | 15 |  2 |  9 | 12 | 10 | 13 |  1 | 11 |  1 | 13 |  0 |  0 |  6 |  7 |  0 |  0 |
----------
STEP 2:
IP= 4, IS=10, R0= 6, R1= 0
address: |  0 |  1 |  2 |  3 |  4 |  5 |  6 |  7 |  8 |  9 | 10 | 11 | 12 | 13 | 14 | 15 |
  value: | 15 |  2 |  9 | 12 | 10 | 13 |  1 | 11 |  1 | 13 |  0 |  0 |  6 |  7 |  0 |  0 |
----------
STEP 3:
IP= 6, IS= 1, R0= 6, R1= 7
address: |  0 |  1 |  2 |  3 |  4 |  5 |  6 |  7 |  8 |  9 | 10 | 11 | 12 | 13 | 14 | 15 |
  value: | 15 |  2 |  9 | 12 | 10 | 13 |  1 | 11 |  1 | 13 |  0 |  0 |  6 |  7 |  0 |  0 |
----------
STEP 4:
IP= 7, IS=11, R0=13, R1= 7
address: |  0 |  1 |  2 |  3 |  4 |  5 |  6 |  7 |  8 |  9 | 10 | 11 | 12 | 13 | 14 | 15 |
  value: | 15 |  2 |  9 | 12 | 10 | 13 |  1 | 11 |  1 | 13 |  0 |  0 |  6 |  7 |  0 |  0 |
----------
STEP 5:
IP= 9, IS=13, R0=13, R1= 7
address: |  0 |  1 |  2 |  3 |  4 |  5 |  6 |  7 |  8 |  9 | 10 | 11 | 12 | 13 | 14 | 15 |
  value: | 15 | 13 |  9 | 12 | 10 | 13 |  1 | 11 |  1 | 13 |  0 |  0 |  6 |  7 |  0 |  0 |
----------
STEP 6:
IP= 0, IS=15, R0=13, R1= 7
address: |  0 |  1 |  2 |  3 |  4 |  5 |  6 |  7 |  8 |  9 | 10 | 11 | 12 | 13 | 14 | 15 |
  value: | 15 | 13 |  9 | 12 | 10 | 13 |  1 | 11 |  1 | 13 |  0 |  0 |  6 |  7 |  0 |  0 |
----------
STEP 7:
IP=13, IS= 7, R0=13, R1= 7
address: |  0 |  1 |  2 |  3 |  4 |  5 |  6 |  7 |  8 |  9 | 10 | 11 | 12 | 13 | 14 | 15 |
  value: | 15 | 13 |  9 | 12 | 10 | 13 |  1 | 11 |  1 | 13 |  0 |  0 |  6 |  7 |  0 |  0 |
----------
STEP 8:
IP=14, IS= 0, R0=13, R1= 7
address: |  0 |  1 |  2 |  3 |  4 |  5 |  6 |  7 |  8 |  9 | 10 | 11 | 12 | 13 | 14 | 15 |
  value: | 15 | 13 |  9 | 12 | 10 | 13 |  1 | 11 |  1 | 13 |  0 |  0 |  6 |  7 |  0 |  0 |
----------