STEP 0:
IP= 0, IS= 5, R0= 0, R1= 0
address: |  0 |  1 |  2 |  3 |  4 |  5 |  6 |  7 |  8 |  9 | 10 | 11 | 12 | 13 | 14 | 15 |
  value: |  5 |  6 |  1 | 11 |  6 |  8 |  0 |  0 |  0 |  0 |  0 |  0 |  0 |  0 |  0 |  0 |
----------
STEP 1:
IP= 1, IS= 6, R0=15, R1= 0
address: |  0 |  1 |  2 |  3 |  4 |  5 |  6 |  7 |  8 |  9 | 10 | 11 | 12 | 13 | 14 | 15 |
  value: |  5 |  6 |  1 | 11 |  6 |  8 |  0 |  0 |  0 |  0 |  0 |  0 |  0 |  0 |  0 |  0 |
----------
STEP 2:
IP= 2, IS= 1, R0=15, R1=15
address: |  0 |  1 |  2 |  3 |  4 |  5 |  6 |  7 |  8 |  9 | 10 | 11 | 12 | 13 | 14 | 15 |
  value: |  5 |  6 |  1 | 11 |  6 |  8 |  0 |  0 |  0 |  0 |  0 |  0 |  0 |  0 |  0 |  0 |
----------
STEP 3:
IP= 3, IS=11, R0=14, R1=15
address: |  0 |  1 |  2 |  3 |  4 |  5 |  6 |  7 |  8 |  9 | 10 | 11 | 12 | 13 | 14 | 15 |
  value: |  5 |  6 |  1 | 11 |  6 |  8 |  0 |  0 |  0 |  0 |  0 |  0 |  0 |  0 |  0 |  0 |
----------
STEP 4:
IP= 5, IS= 8, R0=14, R1=15
address: |  0 |  1 |  2 |  3 |  4 |  5 |  6 |  7 |  8 |  9 | 10 | 11 | 12 | 13 | 14 | 15 |
  value: |  5 |  6 |  1 | 11 |  6 |  8 | 14 |  0 |  0 |  0 |  0 |  0 |  0 |  0 |  0 |  0 |
----------
14
STEP 5:
IP= 7, IS= 0, R0=14, R1=15
address: |  0 |  1 |  2 |  3 |  4 |  5 |  6 |  7 |  8 |  9 | 10 | 11 | 12 | 13 | 14 | 15 |
  value: |  5 |  6 |  1 | 11 |  6 |  8 | 14 |  0 |  0 |  0 |  0 |  0 |  0 |  0 |  0 |  0 |
----------
